Wavelength	I	I dark	R	R dark	XCorrect	Ic	Rc	Ic/Rc	Abs	Percent T
nm	uA	uA	uA	uA		uA	uA	uA/uA	OD	T*100
	Abs Detector Raw	Dark Offset for Abs Detector	Ref Detector Raw	Dark Offset for Ref Detector	Linear interp	Dark subtracted Abs Detector	Corrected Ref Detector	Corrected Intensity 	-Log(T)	% Transmittance
800	0.168217664618668	0.00989188289981267	0.182718635496546	0.003753663286469	1.26322114467621	0.158325781718855	0.22607233705216	0.700332397069554	6.38840446251294E-4	99.8530096879053
799	0.17263980872789		0.187854792797953		1.25946629047394	0.162747925828077	0.231869166657891	0.701895505012109	7.32999691105182E-4	99.8313629361674
798	0.175307823815801		0.190953534889148		1.25578379631042	0.165415940915988	0.235082565430036	0.703650398800919	7.39255273822488E-4	99.8299249744226
797	0.174745059268794		0.190366948320752		1.25213968753815	0.164853176368982	0.233665900413294	0.705508061199341	6.64124743556357E-4	99.8471964901859
796	0.172898531795093		0.188349064646564		1.24854493141174	0.163006648895281	0.230475652730063	0.707261903651909	6.4486245593449E-4	99.8516251167276
795	0.17096753166548		0.186305302256965		1.24499154090881	0.161075648765668	0.227275246297307	0.708724999267887	7.03536189201913E-4	99.838135947227
794	0.172349772909042		0.188052627574995		1.24150061607361	0.162457890009229	0.228807277705933	0.710020641117993	6.49406685458163E-4	99.8505803271945
793	0.176873212107581		0.193429862203167		1.23799812793732	0.166981329207768	0.234818779173138	0.711107219770734	6.84526856737512E-4	99.8425060185351
792	0.184560193659507		0.202419605018503		1.23457276821136	0.174668310759694	0.245267561633435	0.712154145441968	5.57576894783721E-4	99.8716955560119
791	0.191804887386662		0.21088036777156		1.23109483718872	0.181913004486849	0.25499261653551	0.713404987793112	7.12725875949163E-4	99.8360233910558
790	0.196837977767246		0.216672760479128		1.22767388820648	0.186946094867434	0.261395215923926	0.71518560202663	6.6445448690118E-4	99.8471206800216
789	0.197149211858715		0.217096944322953		1.22422575950623	0.187257328958902	0.26118034026244	0.716965636734917	7.27021331759324E-4	99.8327371923332
788	0.192589618294781		0.211930856620817		1.22079539299011	0.182697735394968	0.254141758548184	0.718881211960801	6.44510810857085E-4	99.8517059658936
787	0.185945125790508		0.204482886832463		1.21735346317291	0.176053242890696	0.244358415443725	0.720471372230026	7.01879063690336E-4	99.8385168975836
786	0.1807860762048		0.19876281048508		1.21391463279724	0.170894193304987	0.236724457313705	0.721911860076712	6.40513469232265E-4	99.8526250271161
785	0.177391529328105		0.195121777708491		1.21042191982269	0.167499646428292	0.231636160451553	0.723115277432364	6.48651216595524E-4	99.8507540205595
784	0.177383774620799		0.195308038312605		1.20695853233337	0.167491891720987	0.231198187343582	0.724451578299263	5.91534782352623E-4	99.8638868009755
783	0.179018071794445		0.197367351506281		1.20348119735718	0.169126188894632	0.233010433323518	0.725830970237338	5.71075845489298E-4	99.8685913440096
782	0.18151634525248		0.200399435959192		1.20004236698151	0.171624462352667	0.235983258495082	0.727273889881658	6.80006624903141E-4	99.8435452065552
781	0.183722647123547		0.203081082295523		1.1966587305069	0.173830764223734	0.23852689618659	0.728767979640136	7.43056424649711E-4	99.8290512195004
780	0.186395093745253		0.206265292106408		1.19330596923828	0.176503210845441	0.241658335511	0.730383292892483	6.29514188382508E-4	99.8551540046197
779	0.19031470299015		0.210920036808267		1.19010949134827	0.180422820090338	0.246550667416492	0.731788001147665	6.40585246653583E-4	99.8526085241126
778	0.194107813440997		0.215447305772111		1.18701219558716	0.184215930541185	0.251282935358724	0.733101634132867	6.57702450139621E-4	99.8486730291722
777	0.198891410414376		0.221102762101746		1.1839507818222	0.188999527514563	0.257330635470699	0.734461822506489	6.44450003053682E-4	99.8517199466453
776	0.205683163774688		0.229084960212857		1.1809515953064	0.195791280874876	0.266105354577677	0.735766032162738	6.18191919976824E-4	99.8577573109937
775	0.213204361826605		0.23795377140331		1.17803692817688	0.203312478926793	0.275896375944656	0.736916091161619	6.48282025674212E-4	99.8508389030738
774	0.222364304607692		0.248645869405935		1.17517721652985	0.212472421707879	0.287791741137328	0.738285333930039	6.40981453122402E-4	99.8525174287084
773	0.232291153742526		0.260239081487297		1.17244553565979	0.222399270842713	0.300715183531395	0.739567813739922	6.24418856897129E-4	99.8563255555283
772	0.24467507169231		0.274661893128579		1.1697244644165	0.234783188792497	0.316887984058086	0.740902781436676	4.27279157888929E-4	99.9016637198903
771	0.259587666618684		0.292204388786022		1.16703009605408	0.249695783718871	0.336630677886612	0.741749935824259	6.29336450958741E-4	99.8551948709032
770	0.282905084051757		0.319376552068561		1.16448152065277	0.273013201151944	0.367537021481791	0.742818233796539	6.00037224857592E-4	99.8619317251462
769	0.318153962962118		0.360628634728433		1.16197168827057	0.308262080062305	0.41467861306793	0.743375882787107	7.27275961696007E-4	99.8326786597081
768	0.366809919798948		0.417347929240563		1.15950226783752	0.356918036899136	0.479563489338368	0.744256067932859	5.47579557174072E-4	99.873994600996
767	0.421779911644729		0.481756809598432		1.15713560581207	0.411888028744916	0.553114460287771	0.744670512737313	5.29715834078928E-4	99.8781027767885
766	0.474507188045369		0.543067000698664		1.15489220619202	0.464615305145556	0.622848770072749	0.745952031166874	6.95352792158714E-4	99.8400172117563
765	0.506064304618492		0.579120204900305		1.15279674530029	0.496172421718679	0.663280676527116	0.748058008137065	5.36091525785761E-4	99.8766365198042
764	0.503049750797529		0.575241632833284		1.1508207321167	0.493157867897717	0.657680203509751	0.749844476488648	5.727895224494E-4	99.8681972746085
763	0.478478503031942		0.546533380994871		1.14889180660248	0.468586620132129	0.623595170465189	0.751427596500745	6.09540890725002E-4	99.8597464704687
762	0.444930318961892		0.507411612962718		1.14707088470459	0.43503843606208	0.577731369923634	0.753011622200096	5.29514954425769E-4	99.878148974666
761	0.404141113192261		0.460198342582525		1.14529764652252	0.394249230292448	0.5227650169655	0.754161463559576	4.94654481565485E-4	99.8861664360687
760	0.373875779756066		0.425701135078767		1.14352190494537	0.363983896856253	0.482506176730813	0.754361113721695	4.90311056882802E-4	99.8871654130954
759	0.364215150522207		0.415026428090171		1.14178252220154	0.354323267622394	0.469584054710371	0.754547059399052	5.04859478824587E-4	99.8838193510351
758	0.36552186896181		0.416787588361454		1.14000296592712	0.355629986061997	0.470859899614005	0.755277708621037	6.28521486715006E-4	99.8553822518006
757	0.369385403492271		0.421394425806425		1.13824582099915	0.359493520592458	0.475377852617237	0.756226901638839	5.43916718509969E-4	99.8748369415895
756	0.377714971940433		0.43130825328146		1.13651084899902	0.36782308904062	0.485920430068637	0.756961564650954	6.0788990206365E-4	99.8601260921986
755	0.388309544346829		0.443832859554656		1.13479709625244	0.378417661447016	0.499400594046247	0.757743715082511	6.35257080635822E-4	99.8538335789114
754	0.401154324263766		0.458858942868639		1.13314974308014	0.391262441363953	0.51570243063295	0.758698074941657	5.24752889646383E-4	99.8792441505039
753	0.415843322618157		0.47614935722826		1.13162350654602	0.405951439718345	0.534574071655651	0.759392311080588	5.45178723731865E-4	99.8745467182782
752	0.431076791185217		0.493951119547265		1.13012480735779	0.421184908285404	0.55398430582401	0.760283105238737	5.05047259918151E-4	99.8837761630841
751	0.440724133065613		0.505299384577603		1.12870526313782	0.430832250165801	0.566097295325556	0.761056895560743	6.43710539285897E-4	99.8518899621417
750	0.452620332053723		0.519093525147484		1.12733149528503	0.44272844915391	0.580958857051761	0.762065064986977	5.58457680303585E-4	99.8714930080686
749	0.464676850560235		0.53318918701743		1.12599456310272	0.454784967660422	0.596141521234505	0.762880878887017	5.23282057672114E-4	99.8795824136888
748	0.478320205303082		0.54922350702172		1.12473857402802	0.46842832240327	0.61351097421807	0.763520690074516	6.0050318949447E-4	99.8618245810176
747	0.501308393382613		0.576110640703347		1.12356340885162	0.4914165104828	0.643079356626519	0.764161538415235	5.45094666971259E-4	99.8745660487833
746	0.526171247287172		0.605396823752829		1.1224285364151	0.516279364387359	0.675301452046411	0.764516887714136	6.41421386026226E-4	99.8524162798623
745	0.555208498452883		0.639466275520991		1.12132000923157	0.54531661555307	0.712837272219438	0.76499453213945	5.79369656323026E-4	99.8666841512397
744	0.585548360392198		0.675038954517033		1.12025701999664	0.575656477492385	0.75201205992153	0.76548835872719	5.05682070485379E-4	99.883630162541
743	0.6139104818609		0.708157649453056		1.11920189857483	0.604018598961087	0.788370278681322	0.766161048043828	5.49804034826631E-4	99.8734830428037
742	0.642515105159687		0.741412030118518		1.11819970607758	0.632623222259874	0.824849368977262	0.766956060164378	5.10029936777784E-4	99.8826301993524
741	0.668515982436164		0.771596635405622		1.1171909570694	0.658624099536351	0.857827224900806	0.767781763527627	5.42971539625636E-4	99.8750543049077
740	0.695866250881565		0.80312564986704		1.11617469787598	0.685974367981752	0.892238785612088	0.768823748803034	5.23408285554723E-4	99.8795533836484
739	0.729793206922757		0.842420910330141		1.11507248878479	0.719901324022945	0.935174774423276	0.769804044882315	5.49507624235956E-4	99.8735512075386
738	0.767154853807159		0.885658675660301		1.11387884616852	0.757262970907346	0.982335337613197	0.770880311347941	4.22182828167471E-4	99.9028360461033
737	0.813734469404727		0.940079242764625		1.11252617835999	0.803842586504915	1.04168671863753	0.771674028402989	6.03672141104383E-4	99.8610959138381
736	0.870277512696859		1.00611510370681		1.11103796958923	0.860385629797046	1.11366161955916	0.772573656742906	6.0837988155115E-4	99.8600134281243
735	0.935534914474678		1.08223342615657		1.10932576656342	0.925643031574865	1.196385389669	0.77369971212283	5.87877283706133E-4	99.8647278283982
734	1.00271657619354		1.16040066522411		1.1074481010437	0.992824693293725	1.28092652587373	0.775083248913526	6.33379390806508E-4	99.8542653019493
733	1.05797557255477		1.2243501858426		1.1053968667984	1.04808368965495	1.34924357165857	0.77679353948419	5.283943158488E-4	99.8784066971465
732	1.08752469505632		1.25844202988362		1.10324323177338	1.07763281215651	1.3842264484331	0.778509046244819	6.04195877976161E-4	99.8609754865506
731	1.10609595963055		1.27988651374569		1.10097706317902	1.09620407673074	1.40499299792486	0.78022031309039	5.433618121972E-4	99.8749645536482
730	1.11484239209072		1.29031062869427		1.09864163398743	1.10495050919091	1.41346504669353	0.781731753307715	6.04074180034394E-4	99.8610034695837
729	1.11731655589919		1.29335294130418		1.09623396396637	1.10742467299938	1.41370252846953	0.783350563996144	5.25803334010752E-4	99.8790025691193
728	1.12552387855927		1.30371402677304		1.09382593631744	1.11563199565946	1.42193036176626	0.784589756050828	6.02194123916182E-4	99.8614357677241
727	1.12543897865726		1.30438685239291		1.09146678447723	1.11554709575745	1.41959792469838	0.785819052246413	6.44430350897261E-4	99.8517244650119
726	1.13454284824979		1.31572707451556		1.08920443058014	1.12465096534998	1.42900725231407	0.787015575693387	6.11278894434383E-4	99.8593468424059
725	1.14033220674717		1.32345589375958		1.08703660964966	1.13044032384736	1.43456463836059	0.788002362263173	5.88692365779109E-4	99.8645404028693
724	1.1505578368943		1.3362554115307		1.08495438098907	1.14066595399448	1.44570360943318	0.789004016142496	5.81927987781385E-4	99.8660958607184
723	1.16083606713887		1.34923282541928		1.08299386501312	1.15094418423906	1.45714567809283	0.789862126719863	6.08065935953711E-4	99.8600856156012
722	1.18226790909425		1.37558210357327		1.08117377758026	1.17237602619444	1.48318493697692	0.79044493843365	6.15744969817724E-4	99.8583199422351
721	1.20173829170688		1.39968470815225		1.07950687408447	1.19184640880707	1.50691715868053	0.790917006911418	6.48383534845076E-4	99.8508155645901
720	1.2176906094532		1.41962266736214		1.07795476913452	1.20779872655338	1.52624274541311	0.79135427846143	6.59791873358018E-4	99.8481926508976
719	1.23055043606197		1.4357906741945		1.07653081417084	1.22065855316215	1.5416319692756	0.791796341467757	6.30817126244724E-4	99.8548544270953
718	1.23276769679529		1.43939293705853		1.07519900798798	1.22287581389548	1.5435979229883	0.79222431935389	6.10401816450821E-4	99.8595485132229
717	1.22545278898761		1.43195366706872		1.07402753829956	1.2155609060878	1.53392613426168	0.792450743837728	6.01762670214659E-4	99.8615349760017
716	1.20032321755482		1.40354443408898		1.07296395301819	1.19043133465501	1.50192503883864	0.792603694506289	6.38391993183873E-4	99.8531127963109
715	1.1627885390549		1.36016290044885		1.07196414470673	1.15289665615509	1.45402206778707	0.792901759675299	6.37357063056873E-4	99.8533507480283
714	1.10667025619808		1.29491783387606		1.07102370262146	1.09677837329827	1.38286743067703	0.793118956284411	5.97738968384972E-4	99.8624601890061
713	1.03514749647411		1.21143924992007		1.07008218765259	1.02525561357429	1.29232283454138	0.79334326235761	6.43529591533959E-4	99.8519315652003
712	0.961175518009918		1.12485086373042		1.06905663013458	0.951283635110105	1.19851639515992	0.793717665400125	5.49391596409797E-4	99.8735778901539
711	0.88448486432466		1.03524195448154		1.06793642044067	0.874592981424847	1.10156391342533	0.793955730362739	6.0809596618651E-4	99.8600787105595
710	0.808975256166908		0.94711482012909		1.06664419174194	0.799083373267096	1.00623069866114	0.794135355172854	6.3215414436545E-4	99.854547014614
709	0.72750589766676		0.852255984143381		1.06514143943787	0.717614014766948	0.903774983403902	0.794018453646711	6.62310062758203E-4	99.8476136982701
708	0.6477682804927		0.759700106827669		1.06344926357269	0.637876397592888	0.803910688684286	0.793466745213779	5.74391196822078E-4	99.8678289622216
707	0.584417481185291		0.686618136904847		1.06151580810547	0.574525598285478	0.724871433539528	0.792589653423208	5.86998408509671E-4	99.8649299233471
706	0.528967960532833		0.622954858960991		1.0593421459198	0.51907607763302	0.655945923381954	0.791339741783508	6.46669892046445E-4	99.8512095575505
705	0.490702976554873		0.579406525394767		1.05691242218018	0.48081109365506	0.608414660825832	0.79026875026718	7.1720988676802E-4	99.8349926077587
704	0.456396044624085		0.540373154579057		1.05424511432648	0.446504161724273	0.56572847694757	0.789255234478241	6.07207887517769E-4	99.8602829123169
703	0.426716166507817		0.507032731128294		1.0513402223587	0.416824283608004	0.529117527093306	0.787772587874415	6.26932397071777E-4	99.855747624723
702	0.399314306570923		0.476426778796976		1.04815697669983	0.38942242367111	0.495435623720782	0.78602023154189	5.30858612076663E-4	99.8778399635295
701	0.377675459306313		0.452603745750078		1.04489290714264	0.3677835764065	0.469000267536614	0.784186282746178	4.78494303985109E-4	99.8898832878524
700	0.361872622760571		0.43560589272962		1.04165291786194	0.351980739860759	0.449840134884641	0.782457394449746	5.84005775572495E-4	99.8656180741772
699	0.343092369234539		0.41544871354991		1.03863656520844	0.333200486334727	0.427601532918934	0.779231271834322	7.50759599915447E-4	99.8272805457058
698	0.337767946038041		0.410334274178256		1.03591132164001	0.327876063138228	0.421181457982116	0.778467467939082	7.57727754698215E-4	99.8256788528662
697	0.336519847288146		0.410018585092604		1.0335921049118	0.326627964388333	0.419912215681432	0.777848207769526	7.6123429856308E-4	99.824872852046
696	0.342039973608862		0.417898467873617		1.03182005882263	0.332148090709049	0.427322916630199	0.777276569504666	5.84544218373133E-4	99.8654942598254
695	0.350965997437941		0.429752703666094		1.03069472312927	0.341074114538128	0.439074962977413	0.77680155622008	6.50784164440046E-4	99.8502636253635
694	0.366258668580448		0.449386222569576		1.03009569644928	0.356366785680635	0.459044181515207	0.77632350006996	7.13973757738831E-4	99.8357365272301
693	0.382097886656806		0.469480508072779		1.02995276451111	0.372206003756993	0.479676651294696	0.775951889157772	6.81883639088893E-4	99.8431136851947
692	0.398644267205924		0.490336825128113		1.03007698059082	0.388752384306112	0.501218114156175	0.775615192919743	6.9670862609425E-4	99.8397055193959
691	0.415298811206759		0.511394967133813		1.03042733669281	0.405406928306946	0.523087476718684	0.775027020050365	7.38660703718748E-4	99.830061646501
690	0.431518598739604		0.531572483227504		1.03089714050293	0.421626715839791	0.544126912180843	0.774868337516931	6.58126365156523E-4	99.8485755668902
689	0.443185595458122		0.546305310927423		1.03128290176392	0.433293712558309	0.559524237535957	0.774396681127623	7.26054395206478E-4	99.832959465547
688	0.453390829181992		0.55906571126706		1.03155958652496	0.443498946282179	0.572837466607189	0.774214279154856	6.1924426689055E-4	99.8575153441261
687	0.45954674956755		0.567026432060446		1.03166389465332	0.449654866667738	0.58110817838552	0.773788570515396	7.60558279711101E-4	99.8250282386587
686	0.465362253999879		0.574494937889978		1.03159546852112	0.455470371100067	0.588774112578948	0.773591028153422	7.25093204227006E-4	99.8331804184954
685	0.468151400412074		0.578223586251544		1.0313640832901	0.458259517512261	0.592487645476609	0.773449912434255	6.68236450763663E-4	99.8462511857643
684	0.470834650828599		0.581857440912317		1.03098654747009	0.460942767928786	0.596017217773891	0.77337156408064	7.85347516516954E-4	99.8193304558299
683	0.469121047624996		0.579852283449626		1.03047323226929	0.459229164725184	0.593654207225405	0.773563396226077	7.34630888949377E-4	99.8309879730837
682	0.466701664394918		0.577017896253921		1.02990901470184	0.456809781495105	0.590410001339316	0.773716197996061	6.82050726588106E-4	99.8430752722429
681	0.462432842695667		0.572059299471976		1.02931475639343	0.452540959795854	0.5849653774673	0.773620076038006	7.26434038561204E-4	99.8328721954925
680	0.459647945856209		0.568833058945317		1.02871644496918	0.449756062956396	0.581306467027501	0.773698708800221	6.68165030871417E-4	99.8462676055195
679	0.459754369805979		0.569482706464694		1.02808725833893	0.449862486906166	0.581618820963806	0.773466178691904	7.65115179213749E-4	99.8239808151846
678	0.462247192061643		0.573009862517494		1.02740895748138	0.45235530916183	0.584858918191763	0.77344346660627	7.05685887705822E-4	99.8376417632822
677	0.46519533963287		0.577146176893056		1.02669847011566	0.455303456733058	0.588701216495657	0.773403288417388	7.65068672710445E-4	99.8239915048543
676	0.471226772714239		0.585153359173073		1.0259222984314	0.461334889814426	0.5964709123113	0.773440716541856	7.32689437946972E-4	99.8314342541509
675	0.476410329822432		0.592099161452448		1.0251362323761	0.46651844692262	0.60313428732531	0.773490177438702	8.29146306481637E-4	99.8092641399515
674	0.48012579611618		0.597203719232344		1.02431344985962	0.470233913216367	0.607878874125303	0.773565151269654	7.90089279135006E-4	99.8182406031942
673	0.485976710094266		0.604898363366637		1.02344214916229	0.476084827194453	0.615236823807569	0.773823686703384	8.26389734816541E-4	99.8098976553979
672	0.488736042358631		0.608757388924947		1.02255475521088	0.478844159458818	0.618649436571923	0.774015348841506	7.92249796220655E-4	99.8177440311979
671	0.492535293136907		0.613848737171205		1.02164971828461	0.482643410237094	0.623303460361167	0.774331350506912	7.32240607984976E-4	99.8315374269147
670	0.496478994293023		0.61935791836257		1.02074801921844	0.486587111393211	0.628376823991377	0.774355598130539	8.5210931423726E-4	99.8039869365531
669	0.499774825578682		0.62376665705345		1.0197958946228	0.489882942678869	0.63228670565636	0.774779760979372	7.48881309834512E-4	99.8277122919152
668	0.502295232673103		0.627366515132327		1.01878011226654	0.49240334977329	0.635324371214381	0.775042438293518	8.3010756715619E-4	99.8090432239178
667	0.504710494504273		0.630667715985835		1.01773703098297	0.49481861160446	0.638033646675755	0.775536861077052	6.94011018880725E-4	99.8403256726732
666	0.50706753184837		0.634018439239048		1.01666116714478	0.497175648948557	0.64076572273019	0.775908622000221	8.62323119564705E-4	99.8016397584307
665	0.507773157761078		0.63523978170243		1.01556634902954	0.497881274861265	0.641316051742534	0.77634307375975	8.4329074584359E-4	99.806013527397
664	0.509455040994103		0.637640121963834		1.01445806026459	0.499563158094291	0.643051227297829	0.77686370367958	7.43793096739119E-4	99.8288818845987
663	0.510780565891151		0.639637468452436		1.01329731941223	0.500888682991338	0.644339355232324	0.777367824771059	8.04286770632933E-4	99.8149775051873
662	0.514006194540371		0.644127017689867		1.01216089725494	0.504114311640558	0.648160868971102	0.777761101870891	7.67154502778632E-4	99.8235120712173
661	0.516058500135198		0.647098676003188		1.01106476783752	0.506166617235385	0.650463475921859	0.778163011409716	8.57726879175941E-4	99.8026959881872
660	0.520711675470608		0.653349855482604		1.00999879837036	0.510819792570796	0.656091373544059	0.778580260568678	7.54566452942427E-4	99.826405503228
659	0.523142069442831		0.656763319824434		1.00900542736053	0.513250186543018	0.658890287565645	0.7789615300588	7.62409842526937E-4	99.8246026474434
658	0.528926622947549		0.664598833098789		1.00805485248566	0.519034740047736	0.666168180171017	0.779134692255176	8.93445752767041E-4	99.7944879785574
657	0.532848685614982		0.669911641305099		1.00716114044189	0.52295680271517	0.67092842885571	0.779452442650387	8.78592763051261E-4	99.7979010356243
656	0.54097789853416		0.680647659633782		1.00634658336639	0.531086015634347	0.681189960525343	0.779644513880925	9.67356149151197E-4	99.7775059010111
655	0.548060984138181		0.689833500966706		1.00559914112091	0.538169101238369	0.68992129551162	0.780044194518278	7.54683361943622E-4	99.8263786306697
654	0.559120298058834		0.704627327201538		1.00487756729126	0.549228415159022	0.704292222373487	0.779830300138918	8.49772706805446E-4	99.8045239071449
653	0.571312729650741		0.720643611317228		1.00422203540802	0.561420846750928	0.719916682774998	0.779841418019193	9.54400147986698E-4	99.7804825374159
652	0.581702017939305		0.734305447505313		1.00357329845428	0.571810135039493	0.733162263780168	0.779923031078076	8.38309409142958E-4	99.8071583041098
651	0.590474208761187		0.745793895030209		1.00296664237976	0.580582325861374	0.744241599742718	0.780099266235695	8.23598205862511E-4	99.8105392088283
650	0.597525096794536		0.755249397311762		1.00240564346313	0.587633213894724	0.753303564825425	0.780074914461483	9.54055119628159E-4	99.7805618087656
649	0.602730618929498		0.762219976812718		1.001877784729	0.592838736029685	0.759890549987252	0.78016332225691	9.2886118613987E-4	99.7863503643654
648	0.606190567646141		0.76688026732144		1.00140357017517	0.596298684746329	0.764197705776274	0.780293738438546	9.00934559341766E-4	99.7927671757256
647	0.606143463764494		0.76730214842327		1.00099229812622	0.596251580864681	0.764306152867881	0.780121393275961	0.00101627454458397	99.7662677186021
646	0.607268514114002		0.768936944559315		1.00062572956085	0.597376631214189	0.765662079071409	0.780209243141158	9.2117371169142E-4	99.7881167045793
645	0.607240698867531		0.769289097573045		1.00029969215393	0.597348815967718	0.765764859249788	0.780068200769797	9.16233167763651E-4	99.789251902927
644	0.609199255988612		0.77236807705293		1.00000286102295	0.599307373088799	0.768616612789938	0.779722117784344	0.00101247803169609	99.7671398585728
643	0.613795444324738		0.778628285157798		0.9997199177742	0.603903561424926	0.774657593262519	0.779574829805188	0.00101211783927337	99.7672226028493
642	0.618394916352258		0.784963662634924		0.999445915222168	0.608503033452445	0.780777142779526	0.779355593436311	0.00101631886892647	99.7662575364004
641	0.624019292245312		0.792482801704		0.999167442321777	0.614127409345499	0.788072475917304	0.779277830545552	9.45496561605882E-4	99.7825281845267
640	0.63162795462946		0.802873444973028		0.998895227909088	0.621736071729647	0.798236936454456	0.778886622925799	0.0010783540698187	99.7520078093522
639	0.640962016786987		0.815371909888907		0.998560547828674	0.631070133887174	0.810449960955079	0.778666375828418	0.0010679862527664	99.7543891956131
638	0.649451483610975		0.82676965612022		0.998183071613312	0.639559600711162	0.821520631713673	0.778507046593651	0.00100754471718688	99.7682731575083
637	0.657657454342345		0.837665255441917		0.997746467590332	0.647765571442533	0.832032345355728	0.778534121970446	0.00108064905507903	99.7514806813497
636	0.665645651637086		0.848423261685551		0.997253656387329	0.655753768737274	0.842349845442702	0.778481497070423	0.00109779311980197	99.7475430027511
635	0.675031872913057		0.860861272805285		0.996708512306213	0.665139990013245	0.854286450369834	0.778591290690956	0.00101427995734844	99.7667259168739
634	0.685558157661035		0.874988886579401		0.996089160442352	0.675666274761223	0.867827962117662	0.778571680396736	0.0010438904959114	99.7599239750984
633	0.694030943576887		0.88647643993926		0.995416641235352	0.684139060677074	0.878676941477665	0.778601358909638	0.00110137167890894	99.7467210926817
632	0.704943084951741		0.900959653687541		0.994728446006775	0.695051202051928	0.892476320579627	0.778789516343157	0.00109166565620686	99.7489503513951
631	0.711700398462338		0.910168880640488		0.994035542011261	0.701808515562525	0.901008941869758	0.77891404063776	0.0011276933619966	99.7406758350752
630	0.720052035697033		0.921286475505733		0.993336021900177	0.71016015279722	0.911418393652765	0.779181282430623	0.0010651543674963	99.7550396618709
629	0.726925216821913		0.930691234684462		0.992607176303864	0.7170333339221	0.920084885355322	0.779312154057604	0.00108213120576084	99.7511402522653
628	0.738181971842851		0.945769202458686		0.991834938526154	0.728290088943038	0.934323924385557	0.779483506667119	0.00110467396198768	99.7459626426653
627	0.747142692632241		0.957985678850301		0.991048812866211	0.737250809732428	0.945690506223467	0.779589944998576	0.00120460936626938	99.7230127625247
626	0.759510150163389		0.974641692272516		0.99024510383606	0.749618267263577	0.961417117076475	0.779701394898244	0.00114899472311491	99.7357838547731
625	0.768329081707741		0.986521109644482		0.989454746246338	0.758437198807928	0.972403914255329	0.779961071412122	0.00110981843059094	99.7447811012106
624	0.775857269238694		0.996686488937359		0.988670885562897	0.765965386338882	0.981683776040735	0.780256743600394	0.00113131061700978	99.7398450947085
623	0.78146638176511		1.00441765650901		0.987914323806763	0.771574498865297	0.988570292222218	0.780495332436975	0.00115506255981777	99.7343903850253
622	0.788111006067172		1.01343253836996		0.987213253974915	0.77821912316736	0.996768367740901	0.780742194830212	0.00115899242980493	99.7334879065677
621	0.79636745287256		1.02453017779095		0.986586511135101	0.786475569972747	1.00708434009362	0.780943103434252	0.00110636175880653	99.7455750011033
620	0.801107266086043		1.03136612136715		0.986040651798248	0.79121538318623	1.01326765796187	0.780855262643746	0.00120262251226998	99.7234689864193
619	0.806624043102573		1.03891513561921		0.985671520233154	0.79673216020276	1.020329182121	0.780857956592558	0.00114780452841329	99.7360571835146
618	0.810204771237679		1.04406086924122		0.985484898090363	0.800312888337867	1.02520704084299	0.780635380420132	0.00119563801495937	99.7250727919726
617	0.813012609666401		1.04801264992612		0.9854616522789	0.803120726766588	1.029077186381	0.780428074196222	0.00114948609606712	99.735671010975
616	0.815642724401985		1.05192087134605		0.985575616359711	0.805750841502173	1.03304804213136	0.779974220598463	0.00118445569675511	99.727640570059
615	0.818218382045502		1.05566763951955		0.985840737819672	0.808326499145689	1.03701965045245	0.779470763927202	0.00118584564288611	99.7273213953236
614	0.821160221633356		1.05996255832563		0.986221313476563	0.811268338733544	1.04165572377115	0.778825786889042	0.00121989219191007	99.7195035708021
613	0.824361036439903		1.06467916902456		0.986693203449249	0.81446915354009	1.04680798587773	0.778050191179206	0.00119387914527562	99.7254766740612
612	0.826820416007712		1.06836929046978		0.987153947353363	0.816928533107899	1.05093951878808	0.777331633746121	0.00121777785297668	99.7199890509333
611	0.830264115639948		1.07320635710084		0.98754894733429	0.820372232740135	1.0561368820002	0.77676695769439	0.00121243391851591	99.7212160993687
610	0.834306387047136		1.07900743129641		0.98789769411087	0.824414504147323	1.06224071800104	0.776108927267192	0.00125901625482304	99.7105205959635
609	0.836393165298075		1.08202857538834		0.98806357383728	0.826501282398262	1.06540416323046	0.77576314315517	0.00122659532721047	99.7179644580711
608	0.842203493949174		1.09019649222582		0.988040208816528	0.832311611049361	1.07344919957246	0.775361900107487	0.00127622732231071	99.7065691515721
607	0.84787965664622		1.09810084705264		0.98785537481308	0.837987773746407	1.08105674739496	0.775156138441128	0.00119457027084979	99.7253179735127
606	0.854220008488561		1.10695772873111		0.987536489963531	0.844328125588748	1.0894542705027	0.775000978424872	0.00121645144877445	99.7202936120548
605	0.860367878337042		1.11553646557427		0.987073302268982	0.850475995437229	1.09741112206009	0.774983940239912	0.0012614852454659	99.709953737178
604	0.867784991039338		1.12563819588059		0.986512660980225	0.857893108139525	1.10675329556198	0.775143938201611	0.00124216037160933	99.7143906463019
603	0.874329868637698		1.13482029423257		0.98584908246994	0.864437985737885	1.11506100033058	0.775238292328048	0.00132349490720265	99.6957179147789
602	0.883433178232671		1.14707657927881		0.985228002071381	0.873541295332858	1.12643375224556	0.775492827333557	0.001295388099345	99.7021702626233
601	0.892697968539888		1.15965997461427		0.984650254249573	0.882806085640076	1.13816344333761	0.77564087197467	0.00127490092858589	99.7068736693017
600	0.903232366385979		1.17396913440817		0.984116673469543	0.893340483486166	1.15162855668289	0.775719287527322	0.00136324755195793	99.6865927998016
599	0.91330235993705		1.1877538343653		0.983676254749298	0.903410477037237	1.16467285390935	0.775677456553436	0.00141361980740397	99.6750311808351
598	0.925562163660035		1.20391768317766		0.983342826366425	0.915670280760222	1.1801726794231	0.775878222505395	0.00123979103148474	99.7149346503385
597	0.934856539233248		1.21678086214238		0.983100771903992	0.924964656333435	1.19252797553578	0.775633507396642	0.00135734353135321	99.6879479993792
596	0.947556166868049		1.23375483820981		0.982921838760376	0.937664283968237	1.20899501653307	0.775573324245037	0.00134755603818808	99.6901946457098
595	0.959822682932316		1.25054421802553		0.982812881469727	0.949930800032503	1.22536181769234	0.775224742861223	0.00142750689114616	99.6718440038566
594	0.972235771871973		1.26717988537849		0.982775807380676	0.962343888972161	1.24166472548241	0.775043269911911	0.00144150953537193	99.6686304081755
593	0.985764311856978		1.28560610143035		0.982796370983124	0.975872428957166	1.25979992434368	0.774624930594092	0.00144811372798015	99.6671147871973
592	0.998334689919543		1.30250208524956		0.982810854911804	0.98844280701973	1.2764240469049	0.774384350887564	0.00141672834435506	99.6743177423237
591	1.00988312279576		1.31817200706195		0.982813537120819	0.999991239895948	1.29182814170247	0.774089995111956	0.00145666870607346	99.6651515073925
590	1.01971729939221		1.33159602434229		0.982779562473297	1.00982541649239	1.30497633463195	0.773826612554779	0.00148515721858283	99.6586139645262
589	1.03323001448714		1.34991270670318		0.982710957527161	1.02333813158733	1.32288524253989	0.773565309128824	0.00149609569997824	99.6561039161327
588	1.04413756449238		1.36465871036741		0.982594430446625	1.03424568159257	1.33721771962843	0.773431032517244	0.00147290669782911	99.6614251610501
587	1.05205673102568		1.37530445007096		0.982425510883331	1.04216484812587	1.34744648240919	0.773436913251287	0.00136780110249235	99.6855475975779
586	1.06191777072016		1.38873400629171		0.982219994068146	1.05202588782035	1.36035538429111	0.773346362258543	0.00132999856105109	99.6942249610075
585	1.06893824951291		1.39854976858159		0.981987595558167	1.0590463666131	1.36967247373265	0.773211396829032	0.00140590000417674	99.6768029704809
584	1.07837775142832		1.41132081040068		0.981722772121429	1.06848586852851	1.38184072161201	0.773233739473275	0.00142695668171027	99.6719702785989
583	1.08608902764262		1.42200746654694		0.981434881687164	1.07619714474281	1.39192375360531	0.773172483015167	0.00146271351672251	99.6637643086101
582	1.09359490529818		1.43217887306148		0.981141924858093	1.08370302239837	1.40148785983448	0.773251808635973	0.00138069288793766	99.6825885325396
581	1.10028146685593		1.44146157718698		0.980872988700867	1.09038958395612	1.41020885838648	0.773211412956028	0.00136980309408777	99.6850880725855
580	1.10859771743306		1.45277959624576		0.980610847473145	1.09870583453324	1.42093054812977	0.773229793658357	0.00135681330525535	99.688069707543
579	1.11909191142188		1.46710616326615		0.980334997177124	1.10920002852207	1.43457566893672	0.773190325571456	0.00140033415361319	99.6780804210776
578	1.12414487008089		1.47436354238754		0.980064511299133	1.11425298718108	1.44129255247287	0.773092863950015	0.00139806643488564	99.67860090303
577	1.13516802372337		1.48915810714776		0.979791462421417	1.12527614082356	1.45538659233813	0.773180230426448	0.00127088112362247	99.7077965547108
576	1.13979335634649		1.49600372937383		0.979541301727295	1.12990147344668	1.46172057223785	0.772994165168538	0.00142753702182428	99.6718370887788
575	1.1516518707034		1.51217349096693		0.979297995567322	1.14175998780359	1.47719251372148	0.77292565268095	0.00137949950737008	99.6828624467441
574	1.15800106501397		1.52091237185242		0.979087650775909	1.14810918211416	1.48543135582405	0.77291298424035	0.00141679942171707	99.6743014294594
573	1.16919368887061		1.53645477443924		0.978899002075195	1.1593018059708	1.50035958818699	0.772682638947693	0.00144365877934143	99.6681371675709
572	1.17533740222497		1.54494875328714		0.978744149208069	1.16544551932516	1.50843567712636	0.772618638631901	0.00141454247808505	99.6748194186897
571	1.18703719465869		1.56093463426574		0.978596448898315	1.17714531175888	1.52385176849235	0.772480195316837	0.00143039933659214	99.6711801814429
570	1.19422258128769		1.57099636670845		0.978484988212585	1.18433069838788	1.53352345818412	0.772293825743152	0.00142688750824525	99.6719861541313
569	1.20197811867125		1.58184236886238		0.978414237499237	1.19208623577144	1.54402445757221	0.772064347766778	0.00142129673532262	99.6732692628313
568	1.21163774540268		1.59501895114615		0.978417158126831	1.20174586250286	1.55692126077354	0.771873242906186	0.00145650758167022	99.6651884834345
567	1.21873170899738		1.60493457763241		0.978434324264526	1.20883982609756	1.56665036595333	0.771607917355555	0.00147976463754747	99.659851420931
566	1.23023169064088		1.62049049645453		0.978512525558472	1.22033980774106	1.58199724178668	0.771391868144367	0.00143555845553684	99.6699961635907
565	1.2366307583033		1.62983522297969		0.978631198406219	1.22673887540348	1.59133414546883	0.770887043991675	0.001541438096375	99.6456998910308
564	1.25033779560204		1.64842967023205		0.978813290596008	1.24044591270223	1.60983073432271	0.770544310190546	0.00157470528780439	99.6380672690383
563	1.25918930008327		1.66057591804728		0.979029059410095	1.24929741718346	1.62207713368819	0.770183730007262	0.00152337610901503	99.6498441684131
562	1.27180987956165		1.67770238892611		0.979272127151489	1.26191799666184	1.63925132929966	0.769813618025841	0.00148406334540382	99.6588649785886
561	1.28184568274421		1.69138882075619		0.979509949684143	1.2719537998444	1.65305542817836	0.769456231268705	0.00154848089967423	99.6440839843064
560	1.29321010835798		1.70718850331025		0.979763388633728	1.28331822545817	1.66896309117845	0.76893145944409	0.00155837087717676	99.6418148637693
559	1.30808637477803		1.72723828502945		0.980009019374847	1.29819449187821	1.68903047406197	0.768603356667789	0.00151708366497152	99.6512879942895
558	1.32177132345381		1.74606940372862		0.98027241230011	1.311879440554	1.70794405387168	0.768104457274317	0.00158989786284328	99.634581771525
557	1.33708288802886		1.7666525899867		0.980539977550507	1.32719100512905	1.72859287401046	0.76778692373634	0.00157475010605008	99.6380569866071
556	1.35106867288509		1.78577836658264		0.98082560300827	1.34117678998527	1.7478554541861	0.767327061727652	0.00158656443643744	99.6353465194881
555	1.36231146763997		1.80093665814805		0.981100916862488	1.35241958474016	1.76321788402837	0.767017846739578	0.00147296508687767	99.6614117619957
554	1.37458391326964		1.81781574285844		0.98138552904129	1.36469203036983	1.78029427367448	0.766554187445169	0.00164634515883424	99.6216326379697
553	1.3879814107747		1.83612863341026		0.981669664382935	1.37808952787489	1.79878692194511	0.766121607324504	0.00163502632609084	99.6242290681309
552	1.40356151019975		1.8572929918462		0.981943130493164	1.39366962729994	1.82007021077814	0.765723002907727	0.00168523237829879	99.6127128035788
551	1.42056928753658		1.88025773937407		0.982206225395203	1.41067740463676	1.84311398551271	0.765377190843867	0.00166613034337898	99.6170942715571
550	1.43416060523129		1.89867257847285		0.982443392276764	1.42426872233148	1.86165056712511	0.765056959390038	0.0016534126522889	99.6200114580167
549	1.45111486846921		1.92168336176713		0.982618629932404	1.4412229855694	1.88459345262774	0.76473946333617	0.00166598778699436	99.617126970695
548	1.46249353663663		1.93731868427546		0.982732713222504	1.45260165373682	1.90017759926864	0.764455729978037	0.00169605521003104	99.6102304367959
547	1.47488924886738		1.95410417615175		0.982794582843781	1.46499736596756	1.91679391869058	0.764295708413111	0.00171629449367397	99.6055884419839
546	1.49240321211526		1.97767774783489		0.982793211936951	1.48251132921545	1.93995919117305	0.764197172786407	0.00166108976547197	99.61825047008
545	1.50848245857201		1.99991082574899		0.982752025127411	1.4985905756722	1.96172749388262	0.76391373437205	0.00187371098757141	99.5694914574346
544	1.51886990970238		2.01360589710539		0.982672691345215	1.50897802680257	1.97502690381304	0.764029099496972	0.00175268226286158	99.5972432442452
543	1.5372982040013		2.03880973916777		0.982572853565216	1.52740632110149	1.99959085564392	0.76385942493702	0.00177045137164141	99.5931683178554
542	1.54777680045601		2.0530586420039		0.98248028755188	1.5378849175562	2.0134017447718	0.763824170486404	0.0017848188722298	99.589873592052
541	1.56277425980771		2.07302560511992		0.982422113418579	1.5528823769079	2.03289851433378	0.763875995756139	0.00178155973189921	99.5906209618782
540	1.57564783458537		2.09069999317185		0.982404112815857	1.56575595168556	2.05022465770536	0.763699697884803	0.00207167804277807	99.5241144427241
539	1.58929149145224		2.1083043052353		0.982460975646973	1.57939960855243	2.06763887698751	0.763866275746162	0.00191261056258026	99.5605734591473
538	1.60558236663128		2.13008467166438		0.982597053050995	1.59569048373147	2.08932658264309	0.763734352009658	0.00187241367089856	99.5697888900746
537	1.62117703057044		2.15106590937351		0.982804477214813	1.61128514767062	2.11038808943255	0.763501820228656	0.00188261489588331	99.5674501039947
536	1.63991579697505		2.17656361434976		0.983075141906738	1.63002391407524	2.13603545097791	0.763107144747521	0.00199349540041501	99.5420326042339
535	1.65338374736069		2.19452884865297		0.983403861522675	1.64349186446088	2.15441677701747	0.762847691307015	0.00198332324954578	99.5443641292105
534	1.66923733463865		2.21569725677151		0.98377537727356	1.65934545173884	2.17605564318858	0.762547344289135	0.00193544684181723	99.5553384553038
533	1.68077080932401		2.23148467125921		0.984184384346008	1.6708789264242	2.19249807057016	0.762089120557211	0.00199980586549943	99.5405862309003
532	1.70083381278388		2.25815245679718		0.984593272209167	1.69094192988407	2.21966588496711	0.761800206659988	0.00199685776170353	99.5412619405591
531	1.71655710526256		2.27904787907697		0.984989404678345	1.70666522236275	2.24114069507956	0.761516323410546	0.00194901083210775	99.5522291674516
530	1.73889319220944		2.30921668999158		0.985359311103821	1.72900130930963	2.27170945976947	0.761101426009417	0.00203644654368721	99.5321885171657
529	1.76186317960545		2.3398353910411		0.985676109790802	1.75197129670564	2.30261994956656	0.760859948701227	0.00202203431282426	99.5354915862608
528	1.77862388052725		2.36233562288479		0.98594456911087	1.76873199762743	2.32543107386884	0.760603923075982	0.00209935363013775	99.5177724313054
527	1.79754654585691		2.38776738547848		0.986159026622772	1.7876546629571	2.35101665173221	0.760375160099342	0.00212078597305643	99.5128613709859
526	1.81884491460725		2.4161366724745		0.98632550239563	1.80895303170744	2.37939488350807	0.760257595006848	0.00213947049555248	99.5085801508051
525	1.83549103575656		2.43793790529754		0.986455500125885	1.82559915285675	2.40121443385158	0.76028160047683	0.00208858537138361	99.5202399883535
524	1.85791688100386		2.46790615468952		0.986546039581299	1.84802499810405	2.43099988131807	0.760191315641723	0.00215919777049294	99.5040602026641
523	1.88207662974766		2.50014782936537		0.986623227596283	1.87218474684785	2.4630004694893	0.760123585049922	0.00219672707744737	99.4954619882513
522	1.90473912507947		2.53049535121676		0.986712396144867	1.89484724217966	2.49316734533683	0.760016067803768	0.00220686160673682	99.4931402274399
521	1.92218420405029		2.55319015093077		0.986819267272949	1.91229232115048	2.51583304669607	0.760103029754619	0.00215756606021199	99.5044340552222
520	1.93775032947637		2.57387336618015		0.98695296049118	1.92785844657656	2.53658724958763	0.760020553950968	0.00221239036625376	99.4918736441249
519	1.95729756145393		2.59997567320476		0.987108528614044	1.94740567855411	2.56275288816584	0.75988819973504	0.0023339606743574	99.4640271816296
518	1.97474565098382		2.62285501881646		0.987286388874054	1.96485376808401	2.58580311939635	0.75986209210804	0.00221590359205363	99.4910688077336
517	1.99924066583955		2.65522675940977		0.987494111061096	1.98934878293974	2.61831406805869	0.759782337500372	0.00231710580473545	99.4678874327078
516	2.0185923457549		2.68097000881862		0.987728297710419	2.00870046285509	2.64436234357498	0.75961619546415	0.00233775784636935	99.4631575404418
515	2.04611061346721		2.71701146375273		0.987989187240601	2.0362187305674	2.68066936905688	0.759593388901886	0.00238617457393677	99.4520696441468
514	2.06322810760047		2.73951370975657		0.988263189792633	2.05333622470066	2.70365095003178	0.759467942663428	0.00238269953520161	99.452865420265
513	2.07947580651016		2.76099912226837		0.988561034202576	2.06958392361035	2.72570542248151	0.759283782664298	0.00239966027125544	99.4489815098465
512	2.10345271528887		2.79282392682871		0.988881468772888	2.09356083238905	2.75805989872244	0.759070110608843	0.00243842944816816	99.4401041622579
511	2.12158613654209		2.81675358981903		0.989219486713409	2.11169425364228	2.78267434344939	0.758872218954888	0.00254586244846941	99.4155083455256
510	2.14803758907312		2.85130849690752		0.989577054977417	2.1381457061733	2.81787492614142	0.758779492424496	0.00252385607004812	99.4205460119448
509	2.1699973668174		2.87971956857133		0.989948749542236	2.16010548391759	2.84705885166286	0.758714728589454	0.00257067284369468	99.4098290939959
508	2.2008110873974		2.91987076469996		0.990337610244751	2.19091920449759	2.88794044140769	0.758644178766254	0.00255993805673825	99.4122863127034
507	2.22538586757264		2.95196966593889		0.990751147270203	2.21549398467283	2.92094838702825	0.758484468438982	0.00262023912879117	99.3984840390525
506	2.25402482009492		2.98968752467489		0.991183400154114	2.24413293719511	2.95960807736628	0.758253416848402	0.00268270237269677	99.3841888878599
505	2.28717450257965		3.03255181893721		0.991617441177368	2.27728261967984	3.00340907694912	0.758232582153983	0.00263615026557072	99.3948424687122
504	2.31725188283056		3.07188489983473		0.992055416107178	2.30735999993075	3.04375621054531	0.758063340269084	0.00267012603620977	99.3870669053121
503	2.35531357701441		3.1216776486592		0.992499232292175	2.3454216941146	3.0945371618278	0.757923260074624	0.00280751226380771	99.3556314272015
502	2.38728432883979		3.16247169146495		0.99295300245285	2.37739244593998	3.13645854998177	0.757986247244937	0.00275304256479751	99.3680935029589
501	2.42920154058636		3.21728837825763		0.993394494056702	2.41930965768655	3.19230769231242	0.757856037346469	0.00276623833183467	99.3650743112651
500	2.46829138418016		3.26751519690459		0.993805527687073	2.45839950128035	3.24354425316213	0.757936167784256	0.00283906357976788	99.3484135435259
499	2.52512684537884		3.34166531867861		0.994185566902161	2.51523496247903	3.31850359138537	0.757942516322243	0.00278118073606776	99.3616555997068
498	2.59356873963661		3.43146446382761		0.994557678699493	2.5836768567368	3.40905609703938	0.757886283825196	0.00287534421307912	99.3401143986811
497	2.68404536281024		3.55023650925145		0.994921982288361	2.67415347991043	3.52847374325915	0.757878242687556	0.00291763292309823	99.3304417895606
496	2.79268150739568		3.69289126942362		0.995278537273407	2.78278962449587	3.6717194804365	0.757898210721982	0.00286458740962756	99.3425749303334
495	2.88925705632619		3.81917675475885		0.99499124288559	2.87936517342638	3.79631256391849	0.758463673616576	0.00295196168945692	99.3225905344632
494	2.98323200712256		3.94163577526563		0.99477756023407	2.97334012422275	3.91731675984401	0.759024686158172	0.00291587192682378	99.3308445598002
493	3.04009808355549		4.01540312116227		0.994611084461212	3.03020620065568	3.99003101777609	0.759444271775265	0.00311845646693656	99.2845206904264
492	3.06348909908703		4.04374008393967		0.994498908519745	3.05359721618721	4.0177620857742	0.760024399403631	0.00301146084061555	99.3089840870442
491	3.06837261957533		4.04812747405886		0.99443906545639	3.05848073667551	4.02188331274079	0.760459839047705	0.0031331563679093	99.2811601873958
490	3.08884700914195		4.07152161459038		0.99444317817688	3.07895512624214	4.04516408958071	0.761144679933435	0.00307660053962387	99.2940898793405
489	3.1033448118184		4.08785804030635		0.994451105594635	3.09345292891858	4.06144211309131	0.761663675803087	0.00312331229701762	99.2834106001834
488	3.16367521929217		4.16531978316089		0.995079815387726	3.15378333639236	4.14109044628845	0.761582819138618	0.00326448801558917	99.2511418758176
487	3.25709007487594		4.28568910641039		0.995648920536041	3.24719819197612	4.26330440175134	0.761662289617928	0.00324672465536572	99.255201494153
486	3.36619706906887		4.42755882019897		0.996206641197205	3.35630518616906	4.40702407667868	0.761580859957206	0.00332831246367338	99.2365568783912
485	3.49061387765376		4.58804153440147		0.996731162071228	3.48072199475395	4.56930257704549	0.761762202450726	0.0032331445230581	99.2583051942894
484	3.61067917258416		4.74294941952467		0.997203469276428	3.60078728968434	4.72594244970086	0.761919411420734	0.00332555646842421	99.237186627003
483	3.68385605217457		4.83602561544182		0.99762898683548	3.67396416927476	4.82081457174225	0.762104435795999	0.00337134126003109	99.2267252589481
482	3.73753269990931		4.90165228754287		0.998053252696991	3.72764081700949	4.88836365331922	0.762553909932296	0.00339603040798127	99.221084492673
481	3.74480458708728		4.90752161124989		0.99850869178772	3.73491270418747	4.8964549185515	0.762778942380695	0.00349981247892269	99.1973767556634
480	3.76322070029494		4.92595753646919		0.998985171318054	3.75332881739513	4.91720867951383	0.763304765370712	0.00345664925246825	99.2072361754664
479	3.85017060229126		5.03566067323787		0.999535739421844	3.84027871939145	5.02957089389373	0.76354003162652	0.00356037608443796	99.1835443627485
478	3.98453953485982		5.20820498407185		1.00016474723816	3.97464765196	5.20530873976662	0.763575774400311	0.00353699343459305	99.1888846021915
477	4.15847356736793		5.43382456324845		1.00086104869843	4.14858168446812	5.43474645544275	0.76334410785869	0.00360922221961453	99.1723895805028
476	4.40579131540314		5.75480643452446		1.00160253047943	4.39589943250333	5.76026900859272	0.763141343910479	0.00364025251791054	99.1653039760935
475	4.70317817944921		6.1394814818155		1.00243234634399	4.6932862965494	6.15065203365617	0.763055082756737	0.00366387261440707	99.1599107913945
474	5.02562557806312		6.55352072576655		1.00333368778229	5.01573369516331	6.5716019409131	0.763243687043283	0.00363089241925158	99.167441251767
473	5.30740055252314		6.91394172042013		1.00434982776642	5.29750866962333	6.94024618501575	0.763302702584362	0.00381158950324639	99.1261891961079
472	5.55041917948178		7.22150855268724		1.00542318820953	5.54052729658196	7.25689813261628	0.763484231875868	0.00383900845312698	99.1199311147121
471	5.76061909319264		7.48723588316842		1.0065370798111	5.75072721029283	7.53240234041824	0.763465220044727	0.00384667769619632	99.1181807629014
470	5.94951618716441		7.72305087246052		1.00769698619843	5.93962430426459	7.77871253325461	0.763574213453991	0.00383469790217142	99.1209149255869
469	6.09348690192116		7.90254666031751		1.00889205932617	6.08359501902135	7.9690295329658	0.763404752593161	0.00393004497100665	99.0991558387883
468	6.17022800268874		7.99560543680114		1.01006615161896	6.16033611978892	8.0722989651831	0.76314518904209	0.00397619236220663	99.088626290883
467	6.17317250951291		7.99077474834388		1.01115047931671	6.16328062661309	8.07608019846848	0.763152479315631	0.00392057811609293	99.1013160494165
466	6.1286027831285		7.92844917486245		1.01216447353363	6.11871090022869	8.02109526038863	0.762827357311828	0.00417000210136924	99.0444165273344
465	6.05743648702615		7.83016902388797		1.01307439804077	6.04754460412634	7.92874103025841	0.762737057629594	0.00416794989916342	99.0448845499753
464	5.99917783247378		7.74996233475534		1.01387333869934	5.98928594957397	7.85367444800393	0.762609398852303	0.00417626481161867	99.0429882752244
463	5.91609279862609		7.64103615110855		1.01454770565033	5.90620091572627	7.74838742542334	0.762249045052569	0.00424599159479129	99.0270880165193
462	5.84828681745171		7.5507937930707		1.01511299610138	5.8383949345519	7.66109851784262	0.762083260116593	0.00429632983334557	99.0156106422799
461	5.78798559698954		7.4714871161415		1.01557767391205	5.77809371408973	7.58406336944571	0.761873079458727	0.00425156617923287	99.0258169174282
460	5.692363478231		7.34698439447102		1.01598358154297	5.68247159533119	7.46060185836528	0.761663965348809	0.00437683075707021	98.9972587871251
459	5.58541656703725		7.21095006884272		1.01623845100403	5.57552468413743	7.32423011126428	0.761243789372834	0.00436166964059654	99.000714818072
458	5.4805440698977		7.0779114707415		1.01637935638428	5.47065218699789	7.19002795930195	0.76086660830301	0.00447221487562827	98.9755184017856
457	5.39499011516143		6.97068018454888		1.01642441749573	5.38509823226162	7.08135423110968	0.760461637211128	0.00450105010502802	98.9689470840434
456	5.33286703191357		6.89535374442018		1.01638066768646	5.32297514901376	7.00448909189076	0.759937674137615	0.00462865066182189	98.939873176211
455	5.2678435214312		6.81678660606225		1.01623702049255	5.25795163853139	6.92365629828407	0.759418349497577	0.00463466673377243	98.9385026193701
454	5.19251128296269		6.72715914060007		1.01600134372711	5.18261940006287	6.83098899937284	0.758692394401264	0.00473504651653173	98.9156373098586
453	5.07873977462823		6.58716401176493		1.01566588878632	5.06884789172842	6.68654532283241	0.758066781424472	0.00473367001663948	98.9159508242724
452	4.94831750952437		6.42559970576988		1.01526415348053	4.93842562662456	6.51987008610421	0.757442335722274	0.00487187315091135	98.8844783554967
451	4.78078149945163		6.21532193561402		1.01477611064911	4.77088961655181	6.30335109242395	0.756881466159482	0.00487147800257226	98.8845683268336
450	4.56421056525841		5.94086280585133		1.01419520378113	4.5543186823586	6.02138761671436	0.756357001452052	0.0049743197439567	98.8611550493276
449	4.34700205782555		5.66549577814305		1.0135600566864	4.33711017492574	5.73851565887782	0.755789551295547	0.00500831800940108	98.8534161155518
448	4.12147665589467		5.38048002000457		1.01285493373871	4.11158477299486	5.44584381776488	0.754994985273442	0.00511143934771542	98.8299465877566
447	3.93446288711069		5.14498776020336		1.01211142539978	3.92457100421088	5.20350177014451	0.75421729011959	0.00520868223829104	98.8078200486971
446	3.76028931602931		4.92658611312683		1.01131975650787	3.7503974331295	4.97855771450162	0.753310024348073	0.00528395020667462	98.7906970601249
445	3.63830729747376		4.77629213179378		1.01049888134003	3.62841541457395	4.82264478357889	0.752370447628386	0.00540372730251839	98.7634546435171
444	3.57951912632195		4.70652170970929		1.00964379310608	3.56962724342214	4.7481205684884	0.751797936032309	0.00543647421878599	98.7560079068352
443	3.52517656062112		4.64144237647324		1.00880837440491	3.51528467772131	4.67853921174594	0.751363730990186	0.00553486588142557	98.7336367563612
442	3.49116548897968		4.60148927604695		1.00797557830811	3.48127360607987	4.63440521318002	0.75118023693295	0.00562116863825505	98.7140184125592
441	3.46420243977101		4.57031124882778		1.00718784332275	3.4543105568712	4.59938128599052	0.751038094491721	0.00567310052907376	98.702215133101
440	3.44568403164188		4.54917186902944		1.00642335414886	3.43579214874207	4.57461503663315	0.751056017004386	0.00575233467566335	98.68420921144
439	3.42986535494728		4.53190123921563		1.00571870803833	3.41997347204747	4.55404272987038	0.750975270744728	0.00593919222053426	98.6417589306813
438	3.42602769627121		4.52765089743574		1.00510931015015	3.41613581337139	4.54701122820593	0.751292583616351	0.00597609697115728	98.6333770722911
437	3.42495010838489		4.52554528220978		1.00464129447937	3.41505822548507	4.54277858540108	0.75175537642532	0.00603902350941139	98.6190867517758
436	3.45399323571024		4.56222952278586		1.00431418418884	3.44410135281043	4.57814196397766	0.752292388464526	0.0061773963505202	98.5876702128221
435	3.48149521313941		4.5962697814389		1.00416374206543	3.4716033302396	4.61163817069975	0.752791784987945	0.00622616191454137	98.5766007343137
434	3.53243610649055		4.65941648528814		1.00418722629547	3.52254422359074	4.67515713579281	0.75346007017011	0.00630675326268253	98.5583097257745
433	3.58507254426851		4.7240388605182		1.00440275669098	3.57518066136869	4.74106746446718	0.754087700325625	0.00640905103442021	98.5350971164839
432	3.65299416264945		4.80833843293526		1.00481104850769	3.64310227974964	4.82769986003489	0.754624849383928	0.00653076817404664	98.5074851385069
431	3.7257463718314		4.89906483638133		1.00536251068115	3.71585448893159	4.92156233154815	0.755015224558319	0.00660067274445474	98.49163052937
430	3.77842338578107		4.96373693084948		1.00603294372559	3.76853150288126	4.98990656749607	0.755230874948488	0.00674874475115703	98.4580556899574
429	3.83897218925007		5.03900691345887		1.0067173242569	3.82908030635026	5.06907667896941	0.755380229744078	0.00682081256479984	98.4417186919005
428	3.86161145917914		5.06588758962099		1.00732290744781	3.85171957627932	5.09920346456552	0.755357106858946	0.00692055592962431	98.419112416172
427	3.8899279873863		5.1010256021759		1.00784730911255	3.88003610448649	5.13727180742462	0.75527171812846	0.00693471051148843	98.4159047800167
426	3.89342643707935		5.10618640537794		1.00823533535004	3.88353455417954	5.1444529868236	0.754897471922938	0.00709071882786418	98.3805579292448
425	3.8833936856546		5.09540685219835		1.00844466686249	3.87350180275479	5.13465050387157	0.754384704437846	0.00721193210148704	98.3531033656293
424	3.85241139818074		5.06057510184925		1.00845658779144	3.84251951528093	5.09958489300364	0.753496528816034	0.00731027370838432	98.3308348183011
423	3.78959812938876		4.98533611289208		1.00823640823364	3.77970624648895	5.02261279631011	0.752537852264011	0.00746665181861026	98.2954348242688
422	3.72377907447598		4.90693201164287		1.00780355930328	3.71388719157617	4.94144059137237	0.751579852656838	0.00752379234153042	98.2825028545969
421	3.63747642589505		4.80309345004607		1.00717306137085	3.62758454299524	4.83376574558958	0.750467592746941	0.00770846457547964	98.2407197057215
420	3.53824676320561		4.68224681966957		1.00632703304291	3.5283548803058	4.70809413717456	0.749423180060553	0.00776381258711916	98.2282003616898
419	3.58693802277668		4.75762210013011		1.00541400909424	3.57704613987687	4.77960592379352	0.748397712470363	0.00790559273936902	98.1961379322761
418	3.45187508386324		4.59341980586435		1.00442969799042	3.44198320096343	4.60999697746635	0.746634589520954	0.00811564546879743	98.148655451294
417	3.33146707653186		4.44747955986547		1.00336182117462	3.32157519363205	4.45866490839233	0.744970806704942	0.00823819211523007	98.1209643516529
416	3.21679045345493		4.30922119860151		1.00222516059875	3.20689857055512	4.31504789203385	0.74318956609392	0.00838060206452667	98.0887946802097
415	3.12587869844711		4.2002297439589		1.00108110904694	3.11598681554729	4.20101292892849	0.741722738840048	0.00856027119985674	98.0482233980381
414	3.06072424314104		4.12241526673077		1	3.05083236024123	4.1186616034443	0.740733921352005	0.0086427555354612	98.029603141652
413	3.00331156026498		4.0548514608484		0.998973429203033	2.99341967736517	4.04693905886729	0.739675007165294	0.00874943304139512	98.0055266918094
412	2.92252887015809		3.95640679571442		0.997905433177948	2.91263698725828	3.94437403631768	0.738428191758762	0.00890168917842292	97.9711736706654
411	2.85127523274749		3.8711573209574		0.996788322925568	2.84138334984768	3.85498280600601	0.737067710242661	0.00897679613215067	97.9542319859869
410	2.77984038195871		3.78509008497318		0.99567312002182	2.7699484990589	3.76497503283295	0.735714971521246	0.00913642297915256	97.9182350929971
409	2.7149182996986		3.70605818831632		0.994610667228699	2.70502641679878	3.68235157392377	0.734592111180849	0.00932439734857599	97.8758626095653
408	2.66838485261891		3.65044260015965		0.993608474731445	2.6584929697191	3.62338103238659	0.733705052258344	0.00940383021118264	97.8579626607349
407	2.62707590503007		3.60037582789876		0.992691278457642	2.61718402213025	3.57033545471807	0.73303588845461	0.00963661321491041	97.8055245857782
406	2.60482103451352		3.57651329137302		0.991901516914368	2.59492915161371	3.54382569466946	0.732239499114457	0.00980189671933341	97.7683089066366
405	2.58052041205203		3.54810600388887		0.991254270076752	2.57062852915222	3.51335439227866	0.731673563817449	0.0099958353657533	97.7246592143521
404	2.57346068307633		3.5426196391647		0.990834653377533	2.56356880017652	3.50643104255885	0.73110486676097	0.010162381183512	97.6871903686197
403	2.57398689157032		3.54724615281809		0.990659058094025	2.56409500867051	3.51039293204265	0.730429629476978	0.0103983246948085	97.6341332844054
402	2.59227700380193		3.57492614538327		0.99070817232132	2.58238512090212	3.53798976278231	0.729901806971681	0.0105657117604826	97.5965100984306
401	2.60940749689754		3.6002506447938		0.991027057170868	2.59951561399773	3.56422581970712	0.729335273770992	0.0107245245770459	97.5608275288751
400	2.62569405689106		3.62347204362679		0.991591811180115	2.61580217399124	3.58928310472361	0.728781235046287	0.0109009830563293	97.5211955762559
399	2.64116886151672		3.64462449715555		0.992447733879089	2.63127697861691	3.61337400841984	0.728204988602215	0.0110297463597107	97.4922859527769
398	2.65721963049556		3.66597555908195		0.99357545375824	2.64732774759574	3.63869378187836	0.727548924501458	0.0112496816001592	97.4429264470944
397	2.65902964025395		3.66655986083743		0.99498325586319	2.64913775735414	3.64443083603513	0.726900269627892	0.0114189034209425	97.4049654367695
396	2.65792501379352		3.66237747560024		0.996666491031647	2.64803313089371	3.64642775702359	0.726199257833418	0.0116120138362806	97.3616636385861
395	2.65154828042056		3.65008318853999		0.998634338378906	2.64165639752075	3.64134987296302	0.725460746613507	0.0117872642669811	97.3223833068798
394	2.6490378556259		3.64341530526585		1.00088000297546	2.63914597272609	3.642864555054	0.724469969399389	0.0120248299460872	97.2691610427764
393	2.64368194744418		3.63196220472568		1.00338685512543	2.63379006454437	3.6404967581339	0.723469965646786	0.0121428905403635	97.2427225438022
392	2.64012779706776		3.62298906023028		1.00611889362335	2.63023591416794	3.64138111333558	0.72231821726526	0.0123132015208048	97.2045957492214
391	2.64688213053686		3.62755103530971		1.00907671451569	2.63699024763705	3.65668954623179	0.721141407903896	0.0124759130629937	97.1681841716762
390	2.65022286538679		3.62724809341639		1.01226460933685	2.64033098248698	3.66793517374973	0.719841234213465	0.0127008876770567	97.1178618338826
389	2.66500256503477		3.64224939950879		1.01579105854034	2.65511068213496	3.6959514353918	0.718383541707304	0.0128255107582258	97.0899973517841
388	2.67460337066047		3.65054739752251		1.0196373462677	2.66471148776066	3.71840708556211	0.716627154166966	0.0131221612092551	97.0237014207369
387	2.69531302633944		3.67357498532112		1.02374601364136	2.68542114343962	3.75696494920903	0.714784721109788	0.0133063724381827	96.9825563773136
386	2.71084030899224		3.69019622548908		1.02809154987335	2.70094842609242	3.79000044729397	0.712651215653781	0.0135115751623255	96.9367432603304
385	2.72893481575587		3.71054444318121		1.03263711929321	2.71904293285606	3.82776975277315	0.710346522511226	0.0137324022859262	96.8874660492589
384	2.74406994753133		3.72634583471963		1.03739488124847	2.73417806463152	3.86179806362041	0.708006482883843	0.0138779777530084	96.8549948227683
383	2.76366407587101		3.74895981168005		1.04228162765503	2.75377219297119	3.90355956025129	0.70545156298164	0.0141683232809659	96.7902645126827
382	2.77622302357473		3.7620552706121		1.04716074466705	2.76633114067492	3.93554590981049	0.702909127239256	0.0143628953911285	96.7469103630795
381	2.78785399276653		3.77471442583495		1.05201208591461	2.77796210986672	3.96709629771079	0.700250737918751	0.0146555918903872	96.6817289184719
380	2.78421886094512		3.76673713094495		1.05682492256165	2.77432697804531	3.97681471180893	0.697625406033402	0.0148942582257302	96.6286121147366
379	2.78907552596478		3.77076696491323		1.061567902565	2.77918364306497	3.99894040954238	0.694980009312767	0.0150798761144167	96.5873217752806
378	2.79370420026269		3.77505800493514		1.06622624397278	2.78381231736288	4.0210636630743	0.692307446640752	0.015338180504568	96.5298918231464
377	2.7846224131896		3.76065752891847		1.07074952125549	2.77473053028979	4.02270301552837	0.689767680979387	0.015621289864592	96.4669860956549
376	2.78731003524918		3.76307088340101		1.07512474060059	2.77741815234936	4.04173495111096	0.687184633813241	0.0159050432275821	96.4039784071689
375	2.78247363390132		3.75518591028799		1.07931578159332	2.7725817510015	4.04898002776684	0.684760540182433	0.01621866653773	96.3343859489248
374	2.78468222764249		3.75712570520211		1.08323669433594	2.77479034474268	4.06579032329763	0.682472563536464	0.0164405243268526	96.2851864387732
373	2.77919392200036		3.74919422330021		1.08680582046509	2.76930203910055	4.07056660082895	0.680323480897374	0.0167279048997368	96.2214938518851
372	2.79533919781475		3.77007388630272		1.08998930454254	2.78544731491494	4.10524876056999	0.678508776780727	0.0169081497083002	96.1815674265051
371	2.79690214946866		3.7725791963513		1.09271693229675	2.78701026656885	4.11825947485227	0.676744698479404	0.0172812477476743	96.0989742878623
370	2.79896840922603		3.77542779253132		1.09493815898895	2.78907652632622	4.12974992738162	0.675362086172267	0.0175045568518679	96.0495740294669
369	2.81021168310689		3.7907389863178		1.09609699249268	2.80031980020707	4.15090322318854	0.674629026416084	0.0177732976764113	95.9901570714064
368	2.81679786472119		3.80035854194342		1.09620356559753	2.80690598182138	4.16185180514875	0.674436792379026	0.0180926893156174	95.9195893250123
367	2.83311125576929		3.8225855316007		1.09532988071442	2.82321937286948	4.18288065478904	0.674946192795898	0.018374017793244	95.8574743894789
366	2.83688891688701		3.82914325862528		1.09350752830505	2.8269970339872	4.18309232120281	0.675815118795732	0.0186970774180631	95.786195186407
365	2.85760393145267		3.85773914474149		1.09079897403717	2.84771204855286	4.20392340912528	0.677393894087473	0.0189984810416959	95.7197419116395
364	2.87332597728829		3.88033843664337		1.08727586269379	2.86343409438848	4.21491705375722	0.679357163585457	0.0193162678014842	95.6497264232035
363	2.89111325749065		3.90499833644718		1.08299589157104	2.88122137459084	4.22503195304647	0.681940730060828	0.0195696777153271	95.5939312894079
362	2.9070101202201		3.92735290178754		1.07849431037903	2.89711823732029	4.23157945493089	0.684642287395641	0.0199088244948992	95.5193097599591
361	2.92714337209277		3.95549900763211		1.07380759716034	2.91725148919296	4.24341417280135	0.687477434536422	0.0201699502804178	95.4618946676645
360	2.94850882610897		3.98519167108768		1.06893277168274	2.93861694320915	4.25588956496195	0.690482424027707	0.020473137684813	95.3952745633223
359	2.96523256871792		4.00861631699017		1.06376707553864	2.95534068581811	4.26024103306429	0.693702694960526	0.0207691098885888	95.330284718569
358	2.98364401883967		4.03422929296205		1.05833911895752	2.97375213593985	4.2656100268906	0.697145804982917	0.021043326925977	95.2701114071501
357	2.99840356467913		4.05507077237096		1.05269610881805	2.98851168177931	4.26480575632125	0.700738052922991	0.0213985316747351	95.1922228722465
356	3.02277247327316		4.08938124586667		1.04688131809235	3.01288059037335	4.27716718888601	0.704410292448272	0.021684913148647	95.1294721261201
355	3.03815710455934		4.11072248113296		1.0409619808197	3.02826522165953	4.27519839579023	0.708333261128056	0.0220293103344038	95.0540639941798
354	3.05216376954244		4.13112873105142		1.03497338294983	3.04227188664262	4.27172333658747	0.712188418333522	0.0223470132167931	94.9845537696062
353	3.06998800042825		4.15634735888034		1.02894842624664	3.06009611752843	4.27280474792304	0.716179722234185	0.0227001940381385	94.9073409860513
352	3.08228832996894		4.17423368693387		1.02306663990021	3.07239644706913	4.26667898456388	0.720090838374421	0.023071668689771	94.8261965110643
351	3.09879788800844		4.19788101349953		1.01734268665314	3.08890600510863	4.26686478663116	0.723928729775247	0.0234103310955717	94.7522799609446
350	3.09911595441342		4.19943214874724		1.01178658008575	3.08922407151361	4.24513118594373	0.727709919010864	0.0237216393983561	94.6843845507489
349	3.11249306617637		4.21927887718356		1.00650131702423	3.10260118327656	4.24293167973628	0.731239957997487	0.0240656058375549	94.6094230715225
348	3.11364705787098		4.22203129416475		1.00149571895599	3.10375517497117	4.22458698869243	0.734688428307597	0.0244167877823098	94.5329503258699
347	3.12874661835752		4.2443616773763		0.99670946598053	3.11885473545771	4.22665414915623	0.737901570697551	0.0247989950531768	94.449791805029
346	3.13256163299071		4.25121786631375		0.99214780330658	3.1226697500909	4.21411227865685	0.741002978469804	0.0252552050740509	94.3506279437513
345	3.13714371305053		4.25888898444716		0.987797260284424	3.12725183015072	4.20321101238202	0.744014949746352	0.025525049008681	94.2920224634743
344	3.15049953575107		4.27871698729762		0.983641147613525	3.14060765285126	4.20502983003606	0.746869292202934	0.0259464330910288	94.2005778579195
343	3.1544372188408		4.28614944576402		0.979665756225586	3.14454533594099	4.19531650269813	0.749537093070009	0.0262935421901327	94.1253182916638
342	3.15739280964931		4.29208386956843		0.975760638713837	3.14750092674949	4.18438382109752	0.752201772428213	0.0266346740088865	94.0514132916391
341	3.15642521932114		4.29285877190908		0.971918165683746	3.14653333642133	4.16865916959728	0.754807051478211	0.0269984379138094	93.9726690601704
340	3.15905617634188		4.29964000967496		0.968130171298981	3.14916429344207	4.15897718441004	0.757196818786777	0.027425126843436	93.8803874212255
339	3.15775262410099		4.30074474599867		0.964619815349579	3.14786074120118	4.14496274476463	0.759442469097496	0.0277854096739023	93.8025382490275
338	3.15534945028247		4.30192224843537		0.961340546607971	3.14545756738266	4.13200373706025	0.761242672452305	0.0281987035074648	93.713314067236
337	3.14307606165964		4.29086696283501		0.958259046077728	3.13318417875983	4.10816510085253	0.762672410149637	0.028707950948745	93.6034915884411
336	3.12987701386082		4.27814666259287		0.955322027206421	3.119985130961	4.08342178517432	0.764061440404891	0.0290900035725307	93.5211839934226
335	3.10910957009614		4.25557268807369		0.952541172504425	3.09921768719633	4.05003267914744	0.765232760504227	0.0294949730433612	93.4340183178063
334	3.08961061997874		4.23509163346803		0.949889779090881	3.07971873707893	4.01930468975463	0.766231717871318	0.0297655774328543	93.3758186832681
333	3.0571429321202		4.19843578644654		0.94739955663681	3.04725104922038	3.9740399837142	0.766789227513603	0.0302513693063957	93.2714290231657
332	3.0234247193643		4.16261076217562		0.944806516170502	3.01353283646449	3.92931528685242	0.766935869602483	0.0306976158170083	93.175639932949
331	2.97261210970406		4.1031917194443		0.942112147808075	2.96272022680425	3.86213039189301	0.767120714780445	0.0311788508913649	93.0724506129524
330	2.91981471001268		4.04280502534965		0.939315378665924	2.90992282711287	3.7939430596075	0.766991697396196	0.0316548933103719	92.9704871699842
329	2.8750536017931		3.99321933218841		0.936610460281372	2.86516171889329	3.73657527642698	0.766788170164482	0.0321295178843134	92.8689386203436
328	2.82176618745525		3.932008394933		0.933943271636963	2.81187430455544	3.66876707589734	0.766435766126603	0.032605424249362	92.7672271921144
327	2.78655640976391		3.89368625153144		0.931326270103455	2.7766645268641	3.62279640836407	0.766442331800241	0.0330387754963214	92.6747076110854
326	2.73405648321587		3.83254408868982		0.92875337600708	2.72416460031606	3.55600203361694	0.766075096291554	0.0334924527655691	92.5779473315119
325	2.6825768447497		3.77337498492234		0.926237106323242	2.67268496184989	3.4915631448864	0.765469461941192	0.0340366432266969	92.4620156609423
324	2.64745664225332		3.73453854708924		0.923812508583069	2.6375647593535	3.44654574248963	0.765277746596291	0.0344958997194801	92.3642908717276
323	2.59771325866302		3.67599433345598		0.921528518199921	2.58782137576321	3.3840745032548	0.764705792757886	0.0350379082324158	92.2490902240823
322	2.55586557816617		3.62779302749624		0.919212281703949	2.54597369526636	3.33126149296019	0.764267140435133	0.0355857779270863	92.1327898390377
321	2.51928044647642		3.58566324250833		0.916910946369171	2.50938856357661	3.28429210209312	0.764057667701769	0.0361066036845489	92.022366219643
320	2.49328532939279		3.55620181684481		0.914670467376709	2.48339344649298	3.24931941294673	0.76428110963731	0.036526243836405	91.9334918942206
319	2.46477940909654		3.52390799373166		0.912529110908508	2.45488752619673	3.21224330142188	0.764228389895026	0.0369833561320867	91.836779126491
318	2.43132142583179		3.48528085765554		0.910539090633392	2.42142954293198	3.17006660557624	0.763841850727243	0.0375603974656705	91.7148378416394
317	2.41039778089587		3.46442918537557		0.908678650856018	2.40050589799606	3.14464196446237	0.763363818560012	0.0381210459279791	91.5965158060668
316	2.37440196805142		3.4229597397405		0.906927943229675	2.36451008515161	3.10097353439686	0.762505728902168	0.0388407449798652	91.4448506649623
315	2.35392121862154		3.40280969099289		0.905307412147522	2.34402933572173	3.07719061618733	0.761743300330871	0.0394446792209742	91.3177749198195
314	2.32901059860389		3.37501242547896		0.903821349143982	2.31911871570408	3.04701564275829	0.761111522750409	0.0400201930417281	91.1968435306201
313	2.30158866267831		3.34342294806612		0.902508914470673	2.29169677977849	3.01408130089753	0.760330114219571	0.0405638242465946	91.0827586516416
312	2.27578966375796		3.31442629290855		0.901354432106018	2.26589778085814	2.98408944796195	0.759326360811902	0.0411751081499484	90.9546468265522
311	2.24676210039738		3.28116297517037		0.900331139564514	2.23687021749757	2.95075366058778	0.758067421003213	0.0418048376101727	90.8228576437688
310	2.21681483489205		3.24708959884168		0.899488806724548	2.20692295199223	2.9173443704794	0.756483524647991	0.0424205671284018	90.6941829933672
309	2.17913974959337		3.20275283144071		0.898925364017487	2.16924786669356	2.87566149172469	0.754347433776895	0.0431857041351144	90.5345392815508
308	2.15322402704067		3.17518797559382		0.898677170276642	2.14333214414086	2.85009561350262	0.75202113711084	0.0438887948965011	90.388089112291
307	2.12012513801277		3.13591376920779		0.898729979991913	2.11023325511296	2.81496618932614	0.749647815705425	0.0445220642270049	90.2563851766096
306	2.10308105849103		3.11906109593528		0.899035274982452	2.09318917559122	2.80077127436631	0.747361698096829	0.04505870196614	90.1449283831642
305	2.07413006983719		3.08469681384603		0.899677276611328	2.06423818693737	2.77185454308976	0.744713748448138	0.0456457181788906	90.0231658687284
304	2.04209752601987		3.04617661136324		0.900652170181274	2.03220564312006	2.74016483079465	0.74163627686978	0.0461602121287653	89.9165816217989
303	2.00848804129088		3.00824599628042		0.901984810829163	1.99859615839107	2.71000644861322	0.73748760244235	0.0469653982258808	89.7500298668539
302	1.96373625924314		2.95377274210356		0.903549313545227	1.95384437634333	2.6654877136105	0.733015712796805	0.0477890607047935	89.5799754928765
301	1.92656997521196		2.90973319149828		0.905354738235474	1.91667809231215	2.63094233508185	0.728513911823355	0.0485596688201917	89.4211665483942
300	1.87938223125989		2.85079271321817		0.907451450824738	1.86949034836008	2.5835497164152	0.723613072541945	0.0493520258601782	89.25816909376
299	1.84180957516002		2.80499965920193		0.910263776779175	1.83191769226021	2.54987275992955	0.718434943518839	0.0500488769527047	89.1150639418076
298	1.8000720753268		2.75285893675402		0.913794457912445	1.79018019242699	2.51211716311253	0.7126181130059	0.0507636634108775	88.9685139550206
297	1.75588508819867		2.69854061421716		0.917980194091797	1.74599320529886	2.4737610482514	0.705805116679734	0.0516208336721356	88.7930893102257
296	1.71563347703139		2.64873551187711		0.922788560390472	1.70574159413157	2.44075899231989	0.698857035659347	0.0523863519673356	88.6367141648278
295	1.67047555484855		2.59164129823806		0.928298592567444	1.66058367194873	2.40233244924826	0.691238080919387	0.0531544620597207	88.4800863785746
294	1.62012012292085		2.52767989712645		0.934404373168945	1.61022824002104	2.35836771045591	0.682772339903584	0.0540469046733024	88.2984531171927
293	1.56575210555997		2.45697960444021		0.941053092479706	1.55586022266016	2.30861585847416	0.673936383547359	0.0549370837159863	88.1176519890189
292	1.52349646608038		2.40281629899257		0.947771847248077	1.51360458318056	2.27376402590701	0.665682351349887	0.055612192864319	87.9807798396499
291	1.47197777732139		2.3347805448699		0.954483270645142	1.46208589442158	2.22492616189549	0.657139063516596	0.0564501904522827	87.8111792596971
290	1.42043578533984		2.2669494782464		0.961205065250397	1.41054390244003	2.17539528099299	0.648408091515289	0.0572283856760334	87.6539747430216
289	1.36743557803209		2.19748995703958		0.967701375484467	1.35754369513228	2.12288162891508	0.639481578549467	0.0580782160503462	87.4826205616387
288	1.30158567595146		2.10987959362012		0.973872363567352	1.29169379305165	2.05109783774452	0.629757278898044	0.0591172248186424	87.2735767649777
287	1.24429218252805		2.03442167155835		0.979641914367676	1.23440029962824	1.98932749506866	0.620511355062549	0.060074532997648	87.0814129256325
286	1.19079235364027		1.96307378365985		0.985037505626678	1.18090047074045	1.93000380409676	0.611864322875319	0.0609611332471787	86.9038199515811
285	1.14142353059535		1.89812483372406		0.990005016326904	1.13153164769553	1.87543696151829	0.603342938692798	0.0618038620650214	86.7353505223729
284	1.09279817678574		1.83269183838005		0.994526863098145	1.08290629388593	1.81892814607626	0.59535408049072	0.0626708908861193	86.5623641391721
283	1.04891355782047		1.77409014183687		0.998537302017212	1.03902167492065	1.76774701095437	0.587766048242226	0.0634375778659329	86.4096850365593
282	1.00100635128582		1.70911830371758		1.00214016437531	0.991114468386008	1.70901440108146	0.579933362620486	0.0641283992083066	86.2723445782759
281	0.950903217330749		1.6399216731347		1.00528156757355	0.941011334430937	1.64480954175392	0.572109603296382	0.0650652601077042	86.0864382998686
280	0.907945856662555		1.58385778633479		1.00794303417206	0.898053973762742	1.5926549440931	0.563872279487454	0.0662734509667284	85.8472818935837
279	0.862929586395654		1.52172634889995		1.00999760627747	0.853037703495841	1.53314877886419	0.556395905769693	0.0672144812702017	85.6614691839433
278	0.829444791912753		1.47656748677571		1.01076138019562	0.81955290901294	1.48866333300117	0.55052938488161	0.0680071954636297	85.5052546113698
277	0.798885310223339		1.43534026068312		1.01021814346313	0.788993427323527	1.44621475462875	0.545557583891518	0.0688154765684634	85.3462656977518
276	0.76779055326751		1.39297034355506		1.00850391387939	0.757898670367697	1.40103045927741	0.540958025108595	0.0697641795029556	85.1600328900201
275	0.74233051308604		1.35933443365528		1.00567150115967	0.732438630186227	1.36326894827998	0.537266422088124	0.0706413093005554	84.9882116365022
274	0.719271019159626		1.32950962908696		1.00166654586792	0.709379136259814	1.32796539892716	0.534184954542421	0.0715253913623443	84.8153793036132
273	0.700668649544016		1.306005381134		0.996584177017212	0.690776766644204	1.29780345650033	0.532266086350978	0.0723757021299977	84.6494806390891
272	0.682597699298841		1.28278366339232		0.990479826927185	0.672705816399029	1.26685341313952	0.531005252400851	0.0732738471401305	84.4746017229859
271	0.668864120862507		1.26659599408444		0.984030902385712	0.658972237962694	1.242675878346	0.530284887190201	0.0741233427575048	84.3095278633987
270	0.656054762698359		1.25034694324605		0.977289319038391	0.646162879798546	1.21828229768953	0.530388466633712	0.07484886427316	84.1688000525582
269	0.642433214290874		1.23424095270982		0.969450056552887	0.632541331391061	1.19289597231907	0.530256909293906	0.0757768546685192	83.9891421218574
268	0.630428593977514		1.220344775092		0.960526764392853	0.620536711077701	1.16856832421167	0.531023046081897	0.0766052829508969	83.829083304765
267	0.619641734889756		1.20793058446778		0.95069831609726	0.609749851989944	1.14480897125026	0.532621482974605	0.0773924605164356	83.6772770783752
266	0.606983048111725		1.19204633312744		0.940096080303192	0.597091165211912	1.11710928117051	0.53449664708387	0.0781935918726205	83.523062136547
265	0.597103952692215		1.18073608384402		0.928679645061493	0.587212069792403	1.09303961656701	0.537228533066994	0.0789742132094251	83.3730686976346
264	0.583550881152132		1.16254327080637		0.916590332984924	0.57365899825232	1.06213535221613	0.540099712391069	0.0797723198088893	83.2199940088088
263	0.570871468361		1.14601695098715		0.903754353523254	0.560979585461187	1.03232541912927	0.543413515802363	0.0805559110402886	83.0699767589435
262	0.558320026455587		1.12848333289315		0.890914976596832	0.548428143555774	1.0020385072754	0.54731244315848	0.0812527046998455	82.9368039323988
261	0.543299343227032		1.1064156190531		0.878135800361633	0.533407460327219	0.968286939055457	0.550877471142539	0.0820711062073246	82.7806617417422
260	0.529620818501416		1.08650769676937		0.865367650985718	0.519728935601603	0.936980314550409	0.554685010486036	0.0828017054757398	82.6415196374456
259	0.513828054282294		1.06272671847084		0.85245943069458	0.503936171382481	0.902731567743368	0.558234794693412	0.0835378832841997	82.5015516660927
258	0.495332438206296		1.03373499647975		0.839563012123108	0.485440555306483	0.864734230526326	0.561375435561302	0.0844558495452687	82.3273526801389
257	0.479187833778619		1.00845630700556		0.826433718204498	0.469295950878807	0.830320141538661	0.56519880393261	0.085255152489178	82.1759715784603
256	0.463528867776736		0.983580762366192		0.81306129693985	0.453636984876924	0.79665949195457	0.56942393765239	0.0860139062175478	82.0325276889464
255	0.449000957983713		0.959892111948152		0.799651682376862	0.4391090750839	0.764577719057517	0.574315813996232	0.0866976830319705	81.9034728451374
254	0.432342255962875		0.932692479793653		0.786224722862244	0.422450373063063	0.730354663564341	0.578418122233085	0.0875273011176048	81.7471647488515
253	0.415255091724512		0.904488306627542		0.772798895835876	0.405363208824699	0.696086737815103	0.582345829626153	0.0884508214369073	81.5735153978628
252	0.398562077264846		0.87618903305898		0.759391844272614	0.388670194365034	0.662520304460207	0.586654011580378	0.0893309854996677	81.4083616278785
251	0.380717408757049		0.84591256681033		0.746072351932526	0.370825525857236	0.628311473852964	0.590193783320939	0.0903618097894797	81.2153630821753
250	0.364323056100389		0.817631451200679		0.732924580574036	0.354431173200576	0.596511036345547	0.594173706109373	0.0912399820953596	81.0513061433173
249	0.3461755158897		0.785817761142254		0.720633029937744	0.336283632989887	0.563581220443343	0.596690629125912	0.0923931768759902	80.8363737350413
248	0.329495656032033		0.756264585906338		0.708929538726807	0.31960377313222	0.533477221259788	0.599095444745489	0.0934834641247052	80.6336902257415
247	0.313456527983329		0.726978790430097		0.697923898696899	0.303564645083517	0.504756100371642	0.601408571109905	0.0945237832124158	80.4407695671548
246	0.297557362702621		0.697890175128849		0.6875981092453	0.287665479802808	0.477286953100948	0.602709707302571	0.0957305525718101	80.2175599332479
245	0.282094116609624		0.668540915297392		0.678074300289154	0.272202233709811	0.450775150748456	0.603853680172594	0.0968242696415471	80.0157960710727
244	0.264791214457083		0.635664403282764		0.669374763965607	0.254899331557271	0.422985102432352	0.602620116149449	0.0984169028501554	79.7229016409447
243	0.248046385727606		0.602426238132374		0.661558091640472	0.238154502827793	0.396056686132545	0.601314183465373	0.0999492021403108	79.4421149867797
242	0.231745705250748		0.569481739057471		0.653966724872589	0.221853822350935	0.369967336880434	0.599657862290242	0.101711564145026	79.1203930128177
241	0.217868839156295		0.540699836096306		0.646870613098145	0.207976956256482	0.347334700006202	0.598779667717532	0.103356874818208	78.8212150201674
240	0.205472014559834		0.514456910175777		0.640305876731873	0.195580131660021	0.327006290249272	0.598092873109361	0.104972640962728	78.5285103273825
239	0.192608222191801		0.486564234505981		0.63483726978302	0.182716339291989	0.306506144855375	0.596126186567005	0.106755149003757	78.2068602974016
238	0.179160401200614		0.456717261968993		0.630380034446716	0.169268518300802	0.285539208940598	0.592803065221124	0.109028588894077	77.7985335854321
237	0.164198856460593		0.422590302876842		0.626808166503906	0.15430697356078	0.262530226126299	0.587768409899383	0.111494121568929	77.358114957961
236	0.150891105048924		0.391670510825099		0.624054491519928	0.140999222149112	0.242081251042733	0.582445858742783	0.114239219944703	76.8706901225182
235	0.137481859802212		0.359847847072861		0.622274458408356	0.127589976902399	0.221588315358043	0.575797404733365	0.117208436849152	76.3469273455024
234	0.124847275616552		0.329152800198442		0.621340751647949	0.11495539271674	0.202183744314479	0.568568917874706	0.120069942407562	75.8455417203078
233	0.115033769147892		0.3049629565451		0.621121406555176	0.105141886248079	0.187087539896291	0.561992991657074	0.122618624932347	75.4017412384526
232	0.103546153417732		0.276418307916483		0.621190249919891	0.0936542705179192	0.169376618742037	0.552935058058729	0.126436295269857	74.7418261618439
231	0.0926298210257435		0.248723177106737		0.621524631977081	0.0827379381259308	0.152254586922747	0.54341836129976	0.130618077949579	74.02559759426
230	0.0832625687133197		0.224846410234371		0.621933937072754	0.073370685813507	0.137505082567539	0.53358526422083	0.134891209958149	73.300812745371
229	0.0733431864668838		0.199110396733996		0.62280935049057	0.0634513035670711	0.121670000272414	0.521503274636364	0.140108372427625	72.425520924275
228	0.0641222598374691		0.174869856898606		0.623824656009674	0.0542303769376564	0.106746500617776	0.508029552480015	0.146345859566161	71.3927548372841
227	0.0564203122745556		0.154274806741336		0.624672889709473	0.0465284293747429	0.0940264776443261	0.494843905040726	0.152870341631536	70.3282253057813
226	0.051084374605142		0.139794132055546		0.625293791294098	0.0411924917053294	0.0850652604860424	0.484245759902049	0.158340616101256	69.4479425421057
225	0.0459369430613791		0.125614955972372		0.625641524791718	0.0360450601615664	0.0762414849690979	0.472774896451403	0.164638094592493	68.4481800691612
224	0.0417002063992311		0.113876550410145		0.625679969787598	0.0318083234994185	0.0689016846884647	0.461647979192934	0.171207103126173	67.4206440467275
223	0.0371783327524437		0.101086493660409		0.625520944595337	0.027286449852631	0.0608837239956449	0.448173141553938	0.179506137934499	66.1445189136097
222	0.0331308411228037		0.0895256178139652		0.62475597858429	0.023238958222991	0.0535865413859131	0.433671545540353	0.189313077630375	64.6676266590174
221	0.0297282114748399		0.0795958943047532		0.623277485370636	0.0198363285750272	0.0472707550339751	0.419632150169172	0.199474235048481	63.1721655690548
220	0.0270448773257109		0.071631723689909		0.621200323104858	0.0171529944258982	0.042165873054348	0.406798037924876	0.209756303800681	61.6941089668105
219	0.024698750778689		0.064519906549137		0.618524014949799	0.0148068678788764	0.0375853807562416	0.393952850309159	0.220592864801204	60.1737580132645
218	0.0231056809455771		0.05965512652402		0.6152663230896	0.0132137980457644	0.0343942877414964	0.38418583181829	0.229854269931132	58.9041278463948
217	0.0214864293193569		0.0545828551972419		0.611503660678864	0.0115945464195442	0.0310822369227861	0.373028056132097	0.240560700316558	57.469748911781
216	0.02002343780146		0.0499326713474149		0.607404947280884	0.0101315549016473	0.0280493579567424	0.3612045208761	0.252853875576195	55.8658131422925
215	0.0189694825368116		0.0465190975237746		0.602963209152222	0.00907759963699888	0.0257859834685141	0.352036200134971	0.263162015745067	54.5554301342743
214	0.0181161102047875		0.0430911180681728		0.598491311073303	0.00822422730497483	0.0235431248865887	0.349326070544685	0.265420413207624	54.2724699427647
213	0.0174187122602628		0.0402002840343139		0.594147801399231	0.00752682936045009	0.0216546795857636	0.347584425372816	0.266295278859402	54.1632506695968
212	0.016650215893018		0.0375574121881848		0.590187430381775	0.0067583329932053	0.0199505477015744	0.338754258494465	0.276021108772274	52.9637700360999
211	0.0160869331193898		0.0355696308622043		0.586437284946442	0.00619505021957716	0.0186580696430582	0.332030608637054	0.283873346392124	52.0147665449488
210	0.0155327211236185		0.0335475460619345		0.583247244358063	0.00564083822380584	0.0173772000275174	0.324611457247046	0.291851632610977	51.0679432846244
209	0.0150056280967025		0.0315696596791517		0.579938590526581	0.00511374519688978	0.0161315697420649	0.317002330130038	0.30034620813129	50.0787859561176
208	0.0144593195814293		0.0294286427752465		0.577307462692261	0.00456743668161667	0.014822357263342	0.308145094634351	0.308696206367558	49.125139159184
207	0.0139186616341421		0.0273375272612175		0.575665593147278	0.0040267787343294	0.0135764190437283	0.296600946196456	0.32170450717517	47.6755259502147
206	0.0133897086085304		0.0252712899151952		0.574895739555359	0.00349782570871777	0.0123703918741977	0.282757874147349	0.35307542123969	44.3531611847801
205	0.0129718100029463		0.0236001441489388		0.574898242950439	0.00307992710313359	0.0114097069765834	0.269939193833342	0.369784588420562	42.6791156214503
204	0.0125895534966001		0.0220629072261415		0.567570567131042	0.00269767059678747	0.0103917879665805	0.259596385671363	0.38670626841838	41.0481635076824
203	0.0122406227099542		0.020636980546506		0.570808053016663	0.00234873981014157	0.00963713345366433	0.243717680307572	0.406908244515576	39.1824651042403
202	0.0118684971335145		0.0190998304080711		0.576338827610016	0.00197661423370187	0.00884459196717153	0.223482806333913	0.433317582190339	36.8707878634767
201	0.0115060201661977		0.0176059015047388		0.582763433456421	0.001614137266385	0.00807257790513516	0.199953135832633	0.469768068326173	33.902516161857
200	0.0111574621231569		0.0160437901332646		0.590864896774292	0.00126557922334418	0.00726180453067485	0.174278888669917	0.516333291650086	30.4555683360961
