Wavelength	I	I dark	R	R dark	XCorrect	Ic	Rc	Ic/Rc	Abs	Percent T
nm	uA	uA	uA	uA		uA	uA	uA/uA	OD	T*100
	Abs Detector Raw	Dark Offset for Abs Detector	Ref Detector Raw	Dark Offset for Ref Detector	Linear interp	Dark subtracted Abs Detector	Corrected Ref Detector	Corrected Intensity 	-Log(T)	% Transmittance
800	0.168558849900965	0.00989771660664513	0.18300862954446	0.00373069990097878	1.26322114467621	0.15866113329432	0.226467671499419	0.700590650505838	4.78720240112516E-4	99.8898313214369
799	0.173618260071331		0.188840856941962		1.25946629047394	0.163720543464686	0.233140002817456	0.702241320606298	5.19080641894374E-4	99.8805486651627
798	0.175825588668163		0.191454474828553		1.25578379631042	0.165927872061518	0.235740474736272	0.703858224800578	6.11003575765194E-4	99.859410147726
797	0.175159624353502		0.190740813828291		1.25213968753815	0.165261907746857	0.234162785619419	0.705756498880463	5.11219160613369E-4	99.8823566922117
796	0.173127006792655		0.188536854181336		1.24854493141174	0.16322929018601	0.230738787220437	0.707420248465066	5.47641636718896E-4	99.8739803246652
795	0.171630773239979		0.186952497688949		1.24499154090881	0.161733056633333	0.228109588356128	0.709014723137519	5.26034666715602E-4	99.8789493672606
794	0.172743845630856		0.188406714449495		1.24150061607361	0.16284612902421	0.229275385836002	0.710264333131217	5.00374484759644E-4	99.884850864602
793	0.177206388337634		0.193749884021956		1.23799812793732	0.167308671730988	0.235243394213946	0.711215174776923	6.18600504524562E-4	99.857663364791
792	0.184989226937211		0.202828605985802		1.23457276821136	0.175091510330566	0.245800853060226	0.712330767573314	4.4988039801124E-4	99.8964648448564
791	0.192407894128637		0.211462331117624		1.23109483718872	0.182510177521992	0.255737338711603	0.713662613529462	5.55921199274902E-4	99.8720763055722
790	0.197112949346653		0.216874560633961		1.22767388820648	0.187215232740008	0.261671152253402	0.715459962352706	4.97881884860058E-4	99.8854241476947
789	0.19741675603184		0.21730038308099		1.22422575950623	0.187519039425195	0.261457507598554	0.717206559289608	5.81109512602779E-4	99.8662840694133
788	0.192820038025		0.212135663329289		1.22079539299011	0.182922321418355	0.254419819229554	0.718978269744431	5.85879685275984E-4	99.865187171288
787	0.186349692744458		0.20482843889407		1.21735346317291	0.176451976137813	0.244807028999483	0.72077986019832	5.15964739532263E-4	99.8812652737472
786	0.181177644577869		0.199129078641575		1.21391463279724	0.171279927971224	0.237196951178067	0.722100040158784	5.27321089450468E-4	99.8786535164813
785	0.177748690467119		0.195419201070035		1.21042191982269	0.167850973860474	0.232023963592983	0.723420853868866	4.65164389996759E-4	99.8929492811879
784	0.177798671202699		0.195685646228882		1.20695853233337	0.167900954596053	0.231681660294058	0.724705418559882	4.39389188965155E-4	99.8988780630713
783	0.179372750328489		0.197670909473208		1.20348119735718	0.169475033721844	0.233403395631688	0.72610354816464	4.08011892389318E-4	99.906095907396
782	0.181736398352186		0.20051999317154		1.20004236698151	0.171838681745541	0.236155489293022	0.727650592666612	4.55115303819182E-4	99.8952607184996
781	0.184109474400138		0.203397006366526		1.1966587305069	0.174211757793493	0.238932428820063	0.729125630429555	5.29973979762988E-4	99.8780434090218
780	0.186832894341648		0.206644242605382		1.19330596923828	0.176935177735003	0.242137941748451	0.730720582067289	4.29004378592498E-4	99.9012668645688
779	0.190130204776166		0.210614052693889		1.19010949134827	0.180232488169521	0.246213841760795	0.732016067336389	5.05255812605389E-4	99.8837281978767
778	0.19494187410661		0.216334328168469		1.18701219558716	0.185044157499965	0.252363099579589	0.733245699582186	5.72365465600401E-4	99.8682947886583
777	0.1994222755093		0.221616188689661		1.1839507818222	0.189524558902655	0.257965694799073	0.734689002156949	5.10137218109602E-4	99.8826055259091
776	0.206081167732754		0.229439261473343		1.1809515953064	0.196183451126109	0.266550885863195	0.736007499996822	4.75686097512166E-4	99.8905291913475
775	0.213565297417814		0.238241689302245		1.17803692817688	0.203667580811169	0.276262605577988	0.737224570748771	4.66520558947232E-4	99.8926373465207
774	0.222825340525039		0.249010704189939		1.17517721652985	0.212927623918394	0.288247472710729	0.738697279514668	3.98723084933692E-4	99.9082327487594
773	0.232550581193576		0.260357064351205		1.17244553565979	0.222652864586931	0.30088043533227	0.74000446170935	3.68082870736123E-4	99.9152816931241
772	0.244825870680049		0.27478765606753		1.1697244644165	0.234928154073404	0.317061952878287	0.74095346963181	3.97568309165417E-4	99.9084984020533
771	0.260019270430131		0.292535118459994		1.16703009605408	0.250121553823485	0.337043448331769	0.742104779254685	4.21625352094946E-4	99.9029642850719
770	0.282948760046456		0.31927794061876		1.16448152065277	0.27305104343981	0.367448930708827	0.743099300664942	4.3574036635993E-4	99.8997173894523
769	0.319118979132578		0.361415954671576		1.16197168827057	0.309221262525933	0.415620139355279	0.743999708497296	3.62977823313311E-4	99.9164561847893
768	0.366666998351766		0.416993809368931		1.15950226783752	0.35676928174512	0.479179512641678	0.744542018873637	3.80751135909184E-4	99.9123672309898
767	0.422794314411671		0.482723273827969		1.15713560581207	0.412896597805026	0.554259362210492	0.744951959238571	3.65606247655201E-4	99.9158514751698
766	0.474782462702472		0.543225423549593		1.15489220619202	0.464884746095827	0.623058251623501	0.746133679931979	5.89609461018492E-4	99.8643295201579
765	0.506631432606948		0.579566049930262		1.15279674530029	0.496733716000303	0.663821117342613	0.74829453752362	3.9879312168643E-4	99.9082166370013
764	0.504200620543907		0.576340486893834		1.1508207321167	0.494302903937262	0.658971214284305	0.750113044731573	4.17268175326764E-4	99.9039665935902
763	0.478899940103012		0.546726520642537		1.14889180660248	0.469002223496367	0.623843449469364	0.751794739361768	3.97399123031697E-4	99.9085373229619
762	0.444967240653639		0.507196552538772		1.14707088470459	0.435069524046994	0.577511021003784	0.753352764230872	3.32808094679572E-4	99.9233974589747
761	0.405136445524709		0.46111268584059		1.14529764652252	0.395238728918064	0.523838512058434	0.754504909089188	2.96921565096314E-4	99.931654649124
760	0.374654879789574		0.426478613103005		1.14352190494537	0.364757163182929	0.483421499016462	0.75453235721837	3.91735368911007E-4	99.9098402662488
759	0.364670466682497		0.415361486682583		1.14178252220154	0.354772750075852	0.469992837947303	0.754847141129478	3.32175840162932E-4	99.9235429295436
758	0.36564847876355		0.416703979353		1.14000296592712	0.355750762156905	0.470790763423955	0.75564516085577	4.1728306511512E-4	99.9039631683823
757	0.370123500107974		0.422126823264436		1.13824582099915	0.360225783501328	0.476237638940698	0.756399230230066	4.44961193425622E-4	99.8975963672485
756	0.378741647351369		0.432328349102579		1.13651084899902	0.368843930744724	0.487105878173097	0.757215109224473	4.62447151393383E-4	99.893574280672
755	0.388976684541917		0.444384933221884		1.13479709625244	0.379078967935272	0.500053144423909	0.758077360701318	4.44072968191308E-4	99.8978006794384
754	0.401971182170658		0.459656643365939		1.13314974308014	0.392073465564013	0.51663236570089	0.758902251569364	4.07893685371301E-4	99.9061231000125
753	0.416448170333026		0.476551742175383		1.13162350654602	0.40655045372638	0.535055405827305	0.75982870053947	2.9568041148358E-4	99.9319402403912
752	0.430211186025102		0.492693107162155		1.13012480735779	0.420313469418456	0.552588546311237	0.760626459278295	3.08958326385814E-4	99.928885015031
751	0.440995484688064		0.505412102777836		1.12870526313782	0.431097768081419	0.566250439845473	0.761319970363403	4.93613754688744E-4	99.8864057997883
750	0.453301206684792		0.519527713988523		1.12733149528503	0.443403490078146	0.581474219154867	0.762550557654307	2.81867580580871E-4	99.9351186481333
749	0.463673543984654		0.53177744233313		1.12599456310272	0.453775827378009	0.594577761042706	0.763190043607125	3.47315748636873E-4	99.9200595628689
748	0.479110461037229		0.549835506530993		1.12473857402802	0.469212744430584	0.614225141478887	0.763910027031533	3.79102776628602E-4	99.9127464478511
747	0.501168386364129		0.57561193770241		1.12356340885162	0.491270669757484	0.642544833002462	0.764570259575338	3.12869041871506E-4	99.9279851839374
746	0.526306040377454		0.605120149864774		1.1224285364151	0.516408323770808	0.675016680138345	0.765030463639758	3.49775365756439E-4	99.9194936694409
745	0.555455902931875		0.639476982613233		1.12132000923157	0.54555818632523	0.71287502759984	0.765292884731922	4.10025146546079E-4	99.9056327748786
744	0.586689794103457		0.676054104964637		1.12025701999664	0.576792077496812	0.753175014230609	0.765814142262834	3.2089037339286E-4	99.9261395512421
743	0.61462355406264		0.708658152991096		1.11920189857483	0.604725837455995	0.788956143855978	0.766488533190745	3.6421041170871E-4	99.9161726083342
742	0.642825888544676		0.741467714017222		1.11819970607758	0.632928171938031	0.824937312347331	0.767243962013374	3.47033998818173E-4	99.9201243863216
741	0.668330871963271		0.770888499422123		1.1171909570694	0.658433155356626	0.85706175627028	0.768244704117896	2.8118887620731E-4	99.9352748243177
740	0.696429333765057		0.803340292200167		1.11617469787598	0.686531617158412	0.892503995103279	0.769219657194888	2.99824434737189E-4	99.9309866977476
739	0.72831757063715		0.840156240539386		1.11507248878479	0.718419854030505	0.932675109282832	0.770278789344903	2.81757211902008E-4	99.9351440449755
738	0.76871827695765		0.886867525753127		1.11387884616852	0.758820560351005	0.983707428589119	0.771388461952903	1.3599793547323E-4	99.9686902206449
737	0.813436233321935		0.939091693940446		1.11252617835999	0.80353851671529	1.04061359208573	0.772177610235457	3.20351110364938E-4	99.9262636295076
736	0.871065223265001		1.00629239252446		1.11103796958923	0.861167506658355	1.11388410736034	0.773121279824282	3.00648146486586E-4	99.9307971621831
735	0.935965819624323		1.08204096094737		1.10932576656342	0.926068103017678	1.19619735692849	0.77417668385054	3.20225168248229E-4	99.9262926073729
734	1.00591007746252		1.16349362480648		1.1074481010437	0.99601236085587	1.28437724884748	0.775482718764778	4.09606188582124E-4	99.9057291525266
733	1.05730755345343		1.22290960052121		1.1053968667984	1.04740983684679	1.34767653681232	0.777196759189886	3.03018266515867E-4	99.9302518010342
732	1.08985865195617		1.26038021804727		1.10324323177338	1.07996093534953	1.38639007560617	0.778973359916287	3.45253792252742E-4	99.9205339674547
731	1.10551108567049		1.27835362648375		1.10097706317902	1.09561336906384	1.40333060636974	0.780723632828098	2.63288984640536E-4	99.9393938438363
730	1.11456402905472		1.28919969577635		1.09864163398743	1.10466631244808	1.41226975806869	0.782192145754599	3.48376437852453E-4	99.91981552569
729	1.12008534098334		1.29593635651603		1.09623396396637	1.1101876243767	1.41655972921088	0.783721011887827	3.20473238483226E-4	99.9262355292086
728	1.12345206002507		1.30036106963312		1.09382593631744	1.11355434341842	1.41828792822989	0.785139830392696	2.97817799291204E-4	99.9314484248284
727	1.12812842719388		1.30654449551173		1.09146678447723	1.11823071058724	1.42197798426784	0.786391015162585	3.2844159792547E-4	99.9244021168791
726	1.13202752538387		1.31192446222607		1.08920443058014	1.12212980877722	1.42489044198179	0.787520061694373	3.32980342504999E-4	99.9233578278368
725	1.14093438417396		1.32327887349662		1.08703660964966	1.13103666756732	1.4343971728948	0.788510106503302	3.08947633403791E-4	99.9288874754302
724	1.14982086027371		1.33442410813226		1.08495438098907	1.13992314366706	1.44374164301381	0.789561726076884	2.7505403174999E-4	99.9366865201201
723	1.16257836296931		1.35045425790952		1.08299386501312	1.15268064636267	1.45849335119189	0.790322866690266	3.54808458831312E-4	99.9183356966402
722	1.18317411636602		1.37571928008639		1.08117377758026	1.17327639975937	1.48335807603604	0.790959660188526	3.33033226160539E-4	99.9233456602585
721	1.20056071145035		1.397212683626		1.07950687408447	1.19066299484371	1.50427338034403	0.791520351554321	3.17211801071516E-4	99.9269859517911
720	1.2207264431813		1.42201815685452		1.07795476913452	1.21082872657465	1.52884972822674	0.791986749396917	3.1283105187606E-4	99.927993925158
719	1.2316321377178		1.43596530187935		1.07653081417084	1.22173442111116	1.54184468215142	0.792384884971941	3.08125247663397E-4	99.9290767022644
718	1.23320946925447		1.4388776797974		1.07519900798798	1.22331175264782	1.54306860910158	0.792778587700046	3.06660172861472E-4	99.929413809516
717	1.22471871153693		1.42994952736726		1.07402753829956	1.21482099493028	1.53179829634009	0.793068511587225	2.63333304109137E-4	99.9393836450869
716	1.20081070992348		1.40299759113462		1.07296395301819	1.19091299331683	1.50136293494552	0.793221256231456	3.0014070900792E-4	99.9309139231908
715	1.1638215087163		1.36026126318039		1.07196414470673	1.15392379210965	1.45415212503434	0.793537190672124	2.89453110939678E-4	99.9333731637033
714	1.10691443496908		1.29420528810254		1.07102370262146	1.09701671836243	1.38212887159454	0.793715217812378	2.71361949561535E-4	99.9375361188234
713	1.03617187391142		1.21168377048794		1.07008218765259	1.02627415730477	1.29260906435536	0.793955562903771	3.08471368819882E-4	99.9289970614786
712	0.960524369025704		1.12329799508428		1.06905663013458	0.950626652419058	1.19688083979755	0.794253379960413	2.56366245709205E-4	99.9409869100058
711	0.886920620235337		1.03722483106053		1.06793642044067	0.877022903628692	1.10370602297698	0.794616397275007	2.46860859609469E-4	99.9431743383603
710	0.807548476997805		0.944649108163845		1.06664419174194	0.79765076039116	1.00362515507666	0.794769597350549	2.85440022598663E-4	99.9342966000451
709	0.728245395039294		0.852532223155949		1.06514143943787	0.718347678432649	0.904093676276853	0.794550053033083	3.71644991995547E-4	99.9144621826208
708	0.64722134445973		0.758524993917326		1.06344926357269	0.637323627853084	0.802685436120555	0.793989275466766	2.88484676276859E-4	99.9335960057022
707	0.584586841536177		0.686201776432878		1.06151580810547	0.574689124929531	0.724453836313368	0.793272250243072	2.13134770252579E-4	99.9509359458673
706	0.529705016499126		0.623204692639191		1.0593421459198	0.519807299892481	0.656234908808805	0.79210552946053	2.26601836132648E-4	99.9478366088376
705	0.490154499384213		0.578095774057231		1.05691242218018	0.480256782777568	0.607053581742181	0.791127500474144	2.45537448311254E-4	99.9434788923741
704	0.456111822213112		0.539551996745424		1.05424511432648	0.446214105606467	0.564886984350333	0.789917484325913	2.42952011107355E-4	99.9440738765807
703	0.426813673221295		0.506678631093088		1.0513402223587	0.416915956614649	0.528769389814362	0.788464621148018	2.45585922557079E-4	99.9434677370758
702	0.399092878654327		0.475760668570146		1.04815697669983	0.389195162047682	0.494761504871989	0.786631858411012	1.93051935911084E-4	99.9555580273913
701	0.37897610932553		0.453816923235465		1.04489290714264	0.369078392718885	0.470291902364823	0.784785769993074	1.46615841888068E-4	99.9662461527004
700	0.361871702655594		0.435200619293739		1.04165291786194	0.351973986048949	0.449441900505124	0.783135674829981	2.0769669433085E-4	99.9521875025962
699	0.343228566133409		0.415058560048051		1.03863656520844	0.333330849526764	0.42722015583769	0.780232030188677	1.93357716698879E-4	99.9554876500787
698	0.337434846674138		0.409529420360672		1.03591132164001	0.327537130067493	0.420371488831227	0.779161143821041	3.70909452304839E-4	99.9146314021663
697	0.337679998955873		0.410927915838482		1.0335921049118	0.327782282349228	0.42087582753507	0.778809950357425	2.24598107888962E-4	99.9482977447107
696	0.341458815163918		0.416792960981062		1.03182005882263	0.331561098557273	0.426205926525061	0.777936386902348	2.16035107270697E-4	99.950268448481
695	0.351764994932307		0.430243702504464		1.03069472312927	0.341867278325662	0.439604701129434	0.777669750681318	1.65664752758053E-4	99.9618615555409
694	0.365995578066362		0.448603495521922		1.03009569644928	0.356097861459717	0.458261552236494	0.777062486961479	3.00762931741961E-4	99.9307707501953
693	0.382754154964731		0.469751758987222		1.02995276451111	0.372856438358085	0.479979678126271	0.776817134870439	1.9788186988913E-4	99.9544463944289
692	0.398840901116271		0.490102785822408		1.03007698059082	0.388943184509626	0.501000689709604	0.776332632865376	2.95174210434179E-4	99.9320567182297
691	0.415631176622911		0.511158886202139		1.03042733669281	0.405733460016266	0.522867874573168	0.775977029278148	2.06639117883739E-4	99.9524309024377
690	0.431722782698749		0.531377416394787		1.03089714050293	0.421825066092104	0.543949491229227	0.775485725961166	3.12233236597254E-4	99.9281314781898
689	0.443223295348108		0.545737586320317		1.03128290176392	0.433325578741463	0.55896243460256	0.775232022612701	2.5783354754338E-4	99.9406492512241
688	0.452807450583249		0.557829523527859		1.03155958652496	0.442909733976604	0.571585953394513	0.774878618598424	2.46743724723628E-4	99.9432012943415
687	0.46067650114995		0.567858379383782		1.03166389465332	0.450778784543305	0.581990158896969	0.774547090963969	3.35041668843222E-4	99.9228835548053
686	0.465301177645143		0.573717852016619		1.03159546852112	0.455403461038498	0.587996163237751	0.774500735737555	2.14682854369454E-4	99.9505796618548
685	0.468877497516106		0.578491228462389		1.0313640832901	0.458979780909461	0.592787365651072	0.774273892300915	2.05815517515511E-4	99.9526204533999
684	0.470442626599208		0.580636319701376		1.03098654747009	0.460544909992563	0.594781933174106	0.774308842124415	2.59328410051117E-4	99.9403052512916
683	0.470005642348024		0.580299071472743		1.03047323226929	0.460107925741379	0.594138273477796	0.77441219709367	2.58357785464304E-4	99.9405286126971
682	0.466254026457253		0.575763072955712		1.02990901470184	0.456356309850608	0.589141297710358	0.774612663590542	1.79147094080854E-4	99.9587583638733
681	0.460630230398182		0.569142888655993		1.02931475639343	0.450732513791537	0.581987109330245	0.77447164475901	2.4864369987916E-4	99.942764058337
680	0.460023061821507		0.568654010789294		1.02871644496918	0.450125345214861	0.581145900057245	0.774547915025336	1.91747890508052E-4	99.9558581619476
679	0.459008027340699		0.567803014393769		1.02808725833893	0.449110310734054	0.579915559311786	0.774440870783041	2.18178652468096E-4	99.9497751256365
678	0.461797153916468		0.571859267429319		1.02740895748138	0.451899437309823	0.583700379279684	0.774197607799211	2.82436091600947E-4	99.9349878286515
677	0.46583406491108		0.577247801953686		1.02669847011566	0.455936348304435	0.588829131262682	0.774310108140756	2.56154234311992E-4	99.9410356986373
676	0.471804162238299		0.585105858562911		1.0259222984314	0.461906445631654	0.596445739025368	0.774431629583673	1.76638254560985E-4	99.9593358089438
675	0.476045775990881		0.590841149067338		1.0251362323761	0.466148059384236	0.60186819384704	0.774501899501776	2.61462042046614E-4	99.9398142588475
674	0.481038335785385		0.597453952690817		1.02431344985962	0.47114061917874	0.608158713327034	0.774700105176964	1.53371112921672E-4	99.9646912311826
673	0.485493264356451		0.603526808806688		1.02344214916229	0.475595547749806	0.613856618757639	0.774766506081413	2.97571580331815E-4	99.9315050799904
672	0.489398890256373		0.60876113190589		1.02255475521088	0.479501173649728	0.618676745293912	0.775043150234995	2.15940328950256E-4	99.950290261145
671	0.493358738263011		0.614090425707837		1.02164971828461	0.483461021656366	0.623573841922846	0.775306770671409	1.8550696077295E-4	99.9572945651156
670	0.496582633513801		0.618490990265448		1.02074801921844	0.486684916907155	0.627515348683688	0.775574522484674	1.69017576159767E-4	99.9610898368363
669	0.498726156149278		0.621728529925363		1.0197958946228	0.488828439542633	0.630231649944668	0.775632959064418	2.70893412909265E-4	99.9376439360438
668	0.503547155275523		0.628030827873813		1.01878011226654	0.493649438668877	0.63602455446418	0.776148397422727	2.10825893550762E-4	99.9514673249439
667	0.503983605469091		0.62898881584606		1.01773703098297	0.494085888862446	0.636348338519953	0.776439347687483	1.88919514426823E-4	99.9565091342505
666	0.506644562794884		0.632683984898678		1.01666116714478	0.496746846188239	0.639432380805301	0.77685594458422	3.32407598936458E-4	99.923489605929
665	0.508278200788845		0.635059506739771		1.01556634902954	0.4983804841822	0.641156291398449	0.777315127166832	2.99853990393624E-4	99.9309798970031
664	0.509781269325319		0.637177939348494		1.01445806026459	0.499883552718674	0.642605657809884	0.777900951607503	1.64321320400117E-4	99.962170774775
663	0.510324209081451		0.638248746228981		1.01329731941223	0.500426492474805	0.642955435462851	0.778322205355584	2.71427055052561E-4	99.9375211370952
662	0.513525599144342		0.642664986140534		1.01216089725494	0.503627882537697	0.646704300447175	0.778760682725404	2.09356323139447E-4	99.951805542383
661	0.515569001235786		0.645607945723501		1.01106476783752	0.505671284629141	0.648979468527738	0.779179171532648	2.90975651881828E-4	99.9330228198888
660	0.520136226864509		0.651804843586923		1.00999879837036	0.510238510257864	0.654554106377704	0.779520753573022	2.30273139537913E-4	99.9469917045221
659	0.523675238996364		0.656549802064056		1.00900542736053	0.513777522389719	0.658698017167177	0.779989477726518	1.89675917924481E-4	99.9563350418076
658	0.527932180202499		0.662309863686548		1.00805485248566	0.518034463595854	0.663883921799989	0.780308795837842	2.39485789003245E-4	99.944871560537
657	0.533553846134626		0.669751544565016		1.00716114044189	0.52365612952798	0.670790313469905	0.780655473122711	2.08806277171434E-4	99.9519321341882
656	0.540039176308907		0.67833772922309		1.00634658336639	0.530141459702262	0.678888479073259	0.780896238548561	2.70652481843106E-4	99.9376993778943
655	0.546587740430689		0.686972153016713		1.00559914112091	0.536690023824044	0.687067018431386	0.781131984838013	1.4947119431179E-4	99.9655889075895
654	0.558567101344736		0.702744691711014		1.00487756729126	0.548669384738091	0.702423479592621	0.781109118186509	1.38170784062274E-4	99.9681900616671
653	0.570179796610834		0.718012333861921		1.00422203540802	0.560282080004189	0.717297356310824	0.781101554431777	2.5319527506247E-4	99.941716624764
652	0.582053906975985		0.733667817808154		1.00357329845428	0.57215619036934	0.732545401082318	0.781052190791169	2.0999973292605E-4	99.9516574633147
651	0.590776326679902		0.745185911634201		1.00296664237976	0.580878610073256	0.743654844187044	0.781113193323264	2.59494328267793E-4	99.9402670700235
650	0.598226959889876		0.754972500645388		1.00240564346313	0.588329243283231	0.753049020671604	0.781262875501162	2.93179520352797E-4	99.9325157015887
649	0.602132604100345		0.760215708937426		1.001877784729	0.592234887493699	0.757905525034136	0.781409909192871	2.35475910829981E-4	99.9457943643622
648	0.605015207543416		0.76420817870907		1.00140357017517	0.595117490936771	0.761544862316236	0.781460844114585	2.51834303873003E-4	99.9420298178064
647	0.606845815141082		0.766853327929458		1.00099229812622	0.596948098534437	0.763879873182348	0.781468552178933	2.66956422179651E-4	99.938549900493
646	0.606289652118402		0.766504153431341		1.00062572956085	0.596391935511757	0.76325074342847	0.781384021760405	2.67738557336225E-4	99.9383699180473
645	0.606531001909918		0.767246595750152		1.00029969215393	0.596633285303273	0.76374471557256	0.781194649387513	2.89547528429443E-4	99.9333514377602
644	0.609073007820171		0.77082425534279		1.00000286102295	0.599175291213525	0.767095750114077	0.781095829463819	2.48012762420983E-4	99.9429092540094
643	0.613004292899677		0.776216665599563		0.9997199177742	0.603106576293032	0.772269606109913	0.780953402181666	2.44805182597708E-4	99.9436474076273
642	0.61745624295513		0.782391278001648		0.999445915222168	0.607558526348485	0.778229134127246	0.780693628271625	2.713407233956E-4	99.9375410032759
641	0.624761324102698		0.792048539620775		0.999167442321777	0.614863607496053	0.787661519649457	0.780619075779775	1.98658042614403E-4	99.9542677556274
640	0.631208698039338		0.800955741733621		0.998895227909088	0.621310981432693	0.796344289856249	0.780203976278712	3.444397888503E-4	99.9207212498961
639	0.641960948667761		0.815239336952425		0.998560547828674	0.632063232061116	0.810340509181793	0.779997081349561	3.26430142470583E-4	99.9248649225502
638	0.649227353362847		0.825007858031556		0.998183071613312	0.639329636756202	0.819784956348631	0.779874809613258	2.45200004139989E-4	99.9435565478795
637	0.657403661008399		0.835775391863043		0.997746467590332	0.647505944401753	0.830169652282436	0.779968218088346	2.81394295814191E-4	99.9352275553312
636	0.665428737270277		0.846573026707593		0.997253656387329	0.655531020663632	0.8405275921659	0.779904225362117	3.04814579123208E-4	99.9298384741157
635	0.675375662584535		0.859832969281562		0.996708512306213	0.66547794597789	0.853284419296294	0.779901672793593	2.83969505136417E-4	99.9346349773056
634	0.684918794565446		0.872530761284047		0.996089160442352	0.6750210779588	0.865402323735325	0.780008395453823	2.43216077239237E-4	99.9440131071303
633	0.695570837674738		0.886779954037169		0.995416641235352	0.685673121068093	0.879001922597628	0.780058727336784	2.89228921112835E-4	99.9334247509381
632	0.705183835072849		0.899580188971373		0.994728446006775	0.695286118466204	0.891126970118956	0.780232381894345	2.87791475057359E-4	99.9337555153179
631	0.712675486959418		0.90975688875981		0.994035542011261	0.702777770352773	0.900622233718686	0.78032469557296	3.41874221992757E-4	99.9213115269056
630	0.719347189508443		0.918576818228962		0.993336021900177	0.709449472901798	0.908749603830738	0.78068751822415	2.26429858598342E-4	99.9478761874798
629	0.727816050863763		0.930111637213633		0.992607176303864	0.717918334257118	0.91953236636764	0.780742865085932	2.855566345149E-4	99.9342697668047
628	0.738060070903397		0.943742429395495		0.991834938526154	0.728162354296751	0.932336475937057	0.781008115728715	2.56057405917172E-4	99.9410579810553
627	0.747487651126956		0.956482497398788		0.991048812866211	0.737589934520311	0.944223537866352	0.78116029196543	3.30679333953373E-4	99.9238872499675
626	0.758167164634088		0.970782962734712		0.99024510383606	0.748269448027443	0.957618768424687	0.781385529085201	2.1194188294915E-4	99.9512104839311
625	0.767735108931794		0.983689333227575		0.989454746246338	0.757837392325148	0.969624720870075	0.781578043560107	2.10395130177806E-4	99.9515664637871
624	0.775236263992153		0.993828200374562		0.988670885562897	0.765338547385507	0.978880572586828	0.781850788358169	2.44963079033616E-4	99.943611071124
623	0.783445362775269		1.00485698603606		0.987914323806763	0.773547646168623	0.989026998012314	0.782129959771829	2.46450758919165E-4	99.9432687139185
622	0.788757070822892		1.01211813255246		0.987213253974915	0.778859354216247	0.995493438655274	0.78238522121084	2.46005367848033E-4	99.9433712108743
621	0.796023942436921		1.02197301074794		0.986586511135101	0.786126225830276	1.00458412894865	0.782538966301409	2.19783407586496E-4	99.9494058033827
620	0.802026063384617		1.03023548935262		0.986040651798248	0.792128346777972	1.01217545166492	0.782599840250033	2.33409209350448E-4	99.9462699831443
619	0.805778178237789		1.0356105427369		0.985671520233154	0.795880461631144	1.01709457338604	0.782503891434164	2.33338457371923E-4	99.9462862656375
618	0.808935989199292		1.04004086040719		0.985484898090363	0.799038272592647	1.02126801291647	0.782398217203342	2.16016574678939E-4	99.9502727136459
617	0.812015666005834		1.04465456583309		0.9854616522789	0.802117949399189	1.025790552818	0.781951000811668	3.02830062989762E-4	99.9302951062812
616	0.815827517492067		1.04981641883981		0.985575616359711	0.805929800885422	1.03099657720823	0.781699783201753	2.24712984836304E-4	99.9482713069955
615	0.817712078641763		1.05287203406197		0.985840737819672	0.807814362035118	1.03428626694639	0.781035568054187	3.14864203772656E-4	99.927526112825
614	0.821245443495809		1.05769495579563		0.986221313476563	0.811347726889164	1.03944201280577	0.78056083638479	2.53457413598423E-4	99.9416563003333
613	0.823683263920638		1.0614575427557		0.986693203449249	0.813785547313993	1.04365188695058	0.77974807259897	2.47182977149907E-4	99.9431002102309
612	0.827746416980574		1.06708044922737		0.987153947353363	0.817848700373929	1.04968990246475	0.779133626467737	2.12171283925255E-4	99.9511576881897
611	0.830014292642899		1.07052947112521		0.98754894733429	0.820116576036254	1.05351600354	0.778456685309494	2.687244125369E-4	99.9381430566572
610	0.832541113006338		1.07429948148612		0.98789769411087	0.822643396399693	1.05761243071504	0.777830680227074	2.96626066605606E-4	99.9317226436862
609	0.83768292664546		1.0812536577889		0.98806357383728	0.827785210038815	1.06466118466246	0.777510462449384	2.49495806609387E-4	99.9425679660036
608	0.840359692076659		1.08530819878832		0.988040208816528	0.830461975470014	1.06864205785191	0.777118932731635	2.9319438193574E-4	99.9325122818921
607	0.848534815640184		1.0965186754281		0.98785537481308	0.838637099033539	1.07951647515557	0.776863640652342	2.38965068711378E-4	99.9449913947878
606	0.853999445745301		1.10416328446738		0.987536489963531	0.844101729138656	1.0867173320042	0.77674451697748	2.40505981841264E-4	99.9446367822318
605	0.861568606176482		1.11438525250514		0.987073302268982	0.851670889569837	1.09629745691907	0.776861137636213	2.10791616410906E-4	99.9514752137169
604	0.867763532604365		1.12310535287313		0.986512660980225	0.85786581599772	1.10427726753737	0.776857263312889	2.83284897697308E-4	99.9347925110789
603	0.875177924664583		1.13315359196872		0.98584908246994	0.865280208057937	1.11344052186553	0.777122972503452	2.68963824746464E-4	99.9380879640735
602	0.88380413007445		1.1447370437657		0.985228002071381	0.873906413467805	1.12415140051661	0.777392095998987	2.33052700319658E-4	99.9463520283094
601	0.892066923010184		1.15618244472094		0.984650254249573	0.882169206403538	1.13476190354734	0.77740467286205	2.88440068566302E-4	99.9336062701871
600	0.903253399100738		1.17088711232576		0.984116673469543	0.893355682494093	1.14861808601412	0.777765641488523	2.19083574819012E-4	99.9495668644335
599	0.912209438493663		1.18308384231853		0.983676254749298	0.902311721887018	1.16010168216011	0.777786754180816	2.34246794637746E-4	99.9460772258149
598	0.925730576440123		1.20139004952077		0.983342826366425	0.915832859833478	1.1777097298793	0.777638866860121	2.55394451026988E-4	99.9412105422008
597	0.934660134204736		1.21342886172853		0.983100771903992	0.92476241759809	1.1892551966635	0.777597962315023	2.58792024332402E-4	99.9404286850164
596	0.947579804258092		1.23086309475212		0.982921838760376	0.937682087651446	1.20617522994951	0.777401213661713	3.25204886371709E-4	99.9251468366154
595	0.960654820990514		1.24829340321519		0.982812881469727	0.950757104383869	1.22317225661399	0.777287989686565	2.73175310097727E-4	99.9371188388134
594	0.971892815330375		1.26355337782462		0.982775807380676	0.96199509872373	1.2381232494529	0.776978462482485	3.58478450393477E-4	99.9174913435231
593	0.98426617343523		1.2801265695919		0.982796370983124	0.974368456828585	1.25443722867008	0.776737515883183	2.6530218988767E-4	99.9389305682155
592	0.99796001035561		1.29852862792901		0.982810854911804	0.988062293748965	1.27254145858326	0.77644801832153	2.60910441858179E-4	99.9399411931229
591	1.0099187215505		1.31452589043833		0.982813537120819	1.00002100494386	1.28826725765297	0.7762527526825	2.44969823076389E-4	99.9436095191265
590	1.02018977711249		1.32850987323158		0.982779562473297	1.01029206050584	1.30196589633958	0.775974288839849	2.8148704941316E-4	99.9352062118617
589	1.03178946578684		1.34416756665046		0.982710957527161	1.0218917491802	1.31726199682809	0.775769552025998	2.60350998303258E-4	99.9400699324791
588	1.04205204203978		1.357988423834		0.982594430446625	1.03215432543313	1.33068609692591	0.775655752184959	2.25482538935228E-4	99.9480942024342
587	1.05307193945668		1.37305351624206		0.982425510883331	1.04317422285004	1.34525766740809	0.775445662287077	2.41325636041299E-4	99.9444481545439
586	1.06071270938465		1.3834059469258		0.982219994068146	1.050814992778	1.35514461294868	0.7754264620449	1.63427985918194E-4	99.9623763950387
585	1.07154727202446		1.3981592488688		0.981987595558167	1.06164955541782	1.36931153797857	0.775316300178893	2.25232103217189E-4	99.9481518374744
584	1.076901935089		1.40539839068557		0.981722772121429	1.06700421848236	1.3760490909901	0.775411448231563	2.05543890949988E-4	99.9526829681143
583	1.08560987877979		1.41745161176778		0.981434881687164	1.07571216217315	1.38747501587667	0.775302005343473	2.68195445845688E-4	99.9382647804719
582	1.09413145925111		1.42908647195079		0.981141924858093	1.08423374264447	1.39847630579654	0.775296469557926	2.33831037641784E-4	99.9461729058256
581	1.10115623034121		1.43883313939231		0.980872988700867	1.09125851373456	1.40765321891577	0.775232492683885	2.36091671221303E-4	99.9456526572478
580	1.10876749587476		1.44925522797371		0.980610847473145	1.09886977926811	1.41749703251662	0.775218398388592	2.41321627498922E-4	99.9444490770321
579	1.1192823716262		1.46370583674165		0.980334997177124	1.10938465501956	1.43126472165337	0.775107943510278	3.2455782331093E-4	99.9252957169771
578	1.1245698838121		1.47111784995666		0.980064511299133	1.11467216720546	1.43813407010595	0.775082233552354	2.81948861780961E-4	99.9350999445901
577	1.13568855899961		1.48592428300297		0.979791462421417	1.12579084239296	1.45224061837914	0.775209581763022	1.3249002209151E-4	99.9694976979145
576	1.1395003845459		1.49165661787997		0.979541301727295	1.12960266793926	1.45748489057092	0.775035594020309	2.82104520680105E-4	99.9350641260717
575	1.14974508512753		1.50570818642733		0.979297995567322	1.13984736852088	1.4708835419425	0.774940595919344	2.48808499839252E-4	99.9427261334701
574	1.15946732172198		1.51895525210927		0.979087650775909	1.14956960511533	1.48353764721959	0.774884012731209	3.10701837028076E-4	99.9284838431718
573	1.16711576987257		1.5295363922037		0.978899002075195	1.15721805326592	1.49360966955579	0.774779433243819	2.66729449491453E-4	99.9386021307842
572	1.17659484087961		1.54244553369265		0.978744149208069	1.16669712427297	1.50600814087326	0.774695097993598	2.4891541398817E-4	99.9427015296802
571	1.18301658005073		1.55137658071507		0.978596448898315	1.17311886344409	1.51452076311677	0.774580905071181	2.509666498233E-4	99.9422294869184
570	1.1949990491801		1.56758590529629		0.978484988212585	1.18510133257345	1.53020884221743	0.774470320571486	2.04671024949934E-4	99.9528838580401
569	1.20281695991546		1.57835970896418		0.978414237499237	1.19291924330882	1.54063944124675	0.774301378616824	1.64762378444647E-4	99.9620692558771
568	1.21138883030357		1.59014247258898		0.978417158126831	1.20149111369693	1.55217249825234	0.774070610740585	2.21915050247198E-4	99.9489152240561
567	1.21902886628379		1.60057391480804		0.978434324264526	1.20913114967714	1.56240621193398	0.773890388070368	1.96987226859385E-4	99.9546522999713
566	1.22678512388219		1.61141186489901		0.978512525558472	1.21688740727554	1.57313615705501	0.773542329326166	2.26530874297845E-4	99.9478529398819
565	1.23996710777727		1.62936726796447		0.978631198406219	1.23006939117062	1.59089866277695	0.773191542586071	2.45089873024294E-4	99.943581892196
564	1.24956582905239		1.64254457046308		0.978813290596008	1.23966811244575	1.60409279731927	0.772815708989812	2.96381805692807E-4	99.9317788484544
563	1.2629644511302		1.66061590522974		0.979029059410095	1.25306673452356	1.62213876412352	0.772478139501596	2.31518007051264E-4	99.9467052155385
562	1.26995260112669		1.67060304050478		0.979272127151489	1.26005488452005	1.63232162267306	0.771940325373257	2.85924231999452E-4	99.9341851800273
561	1.2843460748851		1.68968621151007		0.979509949684143	1.27444835827845	1.65141019834592	0.771733370397591	2.65122023154541E-4	99.9389720278129
560	1.29488350465256		1.70411540914528		0.979763388633728	1.28498578804592	1.66597468471017	0.771311713100528	2.16073933600222E-4	99.9502595128347
559	1.30992213221698		1.72428859326877		0.980009019374847	1.30002441561034	1.68616225385703	0.770996037087525	1.67214674331306E-4	99.9615048096559
558	1.32294863515565		1.74226575536735		0.98027241230011	1.31305091854901	1.70423795269033	0.770462197767755	2.58847973996608E-4	99.9404158098055
557	1.33839761885857		1.76301599332155		0.980539977550507	1.32849990225192	1.72504956211554	0.770122743964932	2.55511873341802E-4	99.9411835206125
556	1.35340535347878		1.78369623768471		0.98082560300827	1.34350763687213	1.74583577193067	0.769549838806651	3.30327853449715E-4	99.923968119778
555	1.36307110051047		1.79649869735035		0.981100916862488	1.35317338390382	1.75888632601931	0.76933532536256	1.62759908114764E-4	99.9625301678795
554	1.37850542814655		1.81720717199905		0.98138552904129	1.3686077115399	1.7797195669739	0.769001890487151	2.61798101137561E-4	99.9397369249841
553	1.39044796197334		1.83366071807589		0.981669664382935	1.3805502453667	1.79638678678602	0.768515030015718	2.80371960180707E-4	99.9354628046117
552	1.4063012242391		1.85490993368922		0.981943130493164	1.39640350763245	1.81775273192996	0.768203223190784	2.80801183099265E-4	99.9353640362147
551	1.41887151685244		1.87201183639188		0.982206225395203	1.4089738002458	1.83503736304979	0.767817499859576	2.83639729437584E-4	99.9347108613612
550	1.43561127508633		1.89422252661075		0.982443392276764	1.42571355847969	1.85730120330424	0.76762646572525	1.97243100542827E-4	99.9545934096133
549	1.45056652557589		1.91463319852626		0.982618629932404	1.44066880896925	1.87768839513358	0.767256597368892	2.38858263136968E-4	99.945015974155
548	1.4658971193867		1.93500767812014		0.982732713222504	1.45599940278006	1.89792906478948	0.767151644280005	1.67175245261334E-4	99.9615138850403
547	1.47688998891065		1.94998767836546		0.982794582843781	1.46699227230401	1.9127708152568	0.766946181216727	2.12826138426967E-4	99.9510069761292
546	1.49305453199792		1.97177885106891		0.982793211936951	1.48315681539127	1.93418436373291	0.766812535144698	1.77312700767612E-4	99.9591805752364
545	1.50825769966178		1.99218781552594		0.982752025127411	1.49835998305513	1.95416025725944	0.766753892107327	2.62040071702178E-4	99.9396812427942
544	1.52396794587586		2.01354597584099		0.982672691345215	1.51407022926921	1.97499058631469	0.766621491646929	2.81591879897886E-4	99.9351820893934
543	1.5367583068477		2.03092255505622		0.982572853565216	1.52686059024105	1.99186368584405	0.766548735785626	2.44121214974705E-4	99.9438048083672
542	1.55525853107797		2.05551624087104		0.98248028755188	1.54536081447133	2.01583884828705	0.766609303012735	2.04130728929084E-4	99.9530082072577
541	1.56233246903799		2.0649273828012		0.982422113418579	1.55243475243134	2.0249652013862	0.766647620101627	2.08630751942842E-4	99.9519725309466
540	1.57823088663804		2.08615318532869		0.982404112815857	1.56833317003139	2.04578041430441	0.766618528100752	4.14985503850478E-4	99.9044916947456
539	1.59123569615638		2.10293226241009		0.982460975646973	1.58133797954974	2.06238361518235	0.766752590501901	2.74695226637767E-4	99.9367690857762
538	1.60542050750107		2.12182932501768		0.982597053050995	1.59552279089443	2.08123746711104	0.766622173638441	2.33362292055952E-4	99.9462807804467
537	1.62348534660125		2.14599305783128		0.982804477214813	1.61358762999461	2.10542503674267	0.766395194241164	2.39918879128029E-4	99.9447718928757
536	1.63468528552134		2.16113102163798		0.983075141906738	1.6247875689147	2.12088662744125	0.766088836570641	2.99881288943548E-4	99.9309736156183
535	1.65670037484988		2.19020452005697		0.983403861522675	1.64680265824323	2.15018679785963	0.765888182311655	2.55791071481915E-4	99.9411192706974
534	1.66977383823758		2.20749520602303		0.98377537727356	1.65987612163094	2.16800925843231	0.765622247771764	1.87714883165268E-4	99.9567863906
533	1.68581168607389		2.22928669763518		0.984184384346008	1.67591396946724	2.1903574594576	0.765132632680992	2.68842738569849E-4	99.9381158279382
532	1.70240032126151		2.25134267899236		0.984593272209167	1.69250260465486	2.21298363315011	0.764805748809649	2.86800162990846E-4	99.9339836224085
531	1.7230527869993		2.2790041901123		0.984989404678345	1.71315507039265	2.24112028060367	0.764419065419906	2.9671760018106E-4	99.9317015816942
530	1.74411664647324		2.30618879693727		0.985359311103821	1.73421892986659	2.26874852434109	0.764394515857705	1.61419633675971E-4	99.9628386623143
529	1.76220192929892		2.33051957076583		0.985676109790802	1.75230421269228	2.2934602025386	0.7640438716803	2.08461323449578E-4	99.9520115245699
528	1.78218128255161		2.35713952915555		0.98594456911087	1.77228356594496	2.32033065410112	0.763806469915182	2.7458193756702E-4	99.9367951550579
527	1.80258522839293		2.38375016137344		0.986159026622772	1.79268751178628	2.34707767546894	0.763795561826947	1.71576388550291E-4	99.9605008794988
526	1.81944339940711		2.40670152846923		0.98632550239563	1.80954568280046	2.37011140972963	0.763485494973796	2.99447397155916E-4	99.931073453982
525	1.84154491299067		2.43563077640051		0.986455500125885	1.83164719638403	2.39896120621952	0.763516805371973	2.44465126183511E-4	99.9437256644163
524	1.86213020496164		2.46273227775706		0.986546039581299	1.85223248835499	2.42591826795809	0.763518092435172	2.62769104969192E-4	99.9395134780764
523	1.88625672464062		2.49460545878205		0.986623227596283	1.87635900803398	2.45755489414535	0.763506448016294	2.6822593010303E-4	99.9382577655458
522	1.9071812912074		2.522200856621		0.986712396144867	1.89728357460076	2.48500572295655	0.763492637893588	2.24781923078133E-4	99.9482554415912
521	1.92197525171958		2.54156894736392		0.986819267272949	1.91207753511293	2.50438767981865	0.763491032367399	2.26089295846337E-4	99.9479545641079
520	1.94357953019771		2.56974504588415		0.98695296049118	1.93368181359106	2.53253545543093	0.763535929751487	2.08249347988648E-4	99.9520603103126
519	1.9562012876546		2.58647579532902		0.987108528614044	1.94630357104795	2.54944971093311	0.763421048354626	3.19531347367372E-4	99.9264522479086
518	1.97657157413326		2.61279415459885		0.987286388874054	1.96667385752661	2.57589283653193	0.763492110244175	1.46129107260474E-4	99.9663581897234
517	2.00562683372175		2.65145587319437		0.987494111061096	1.99572911711511	2.61461301633544	0.763298088338998	3.12124485358709E-4	99.9281565010944
516	2.02307437851287		2.67388175201101		0.987728297710419	2.01317666190623	2.63738375333032	0.763323372779602	2.23412845259633E-4	99.9485705207849
515	2.04581901800939		2.70359803607196		0.987989187240601	2.03592130140275	2.66743973512101	0.763249221565033	3.00980750820564E-4	99.9307206302332
514	2.06898539822688		2.73327483038697		0.988263189792633	2.05908768162024	2.69750798907384	0.763329595300736	1.80045558414335E-4	99.9585515703495
513	2.08346635672615		2.75196892210914		0.988561034202576	2.0735686401195	2.71680121918115	0.763238997936139	1.43231594745535E-4	99.9670251444103
512	2.10776751629702		2.78433557237044		0.988881468772888	2.09786979969037	2.74968863036465	0.762948130389644	2.25307173033402E-4	99.9481345609741
511	2.1285591711822		2.81168143407758		0.989219486713409	2.11866145457555	2.77767958397871	0.762745086508793	3.35098107378719E-4	99.9228705693748
510	2.14821145381851		2.83626364833482		0.989577054977417	2.13831373721187	2.80300961323766	0.762863504682018	1.92601958840582E-4	99.9556615924476
509	2.17782364852441		2.8746856452516		0.989948749542236	2.16792593191776	2.84209825814195	0.762790633894222	2.43835935127804E-4	99.9438704595874
508	2.2061073642317		2.91177525691981		0.990337610244751	2.19620964762506	2.87994589708328	0.762587120073787	3.08601933993734E-4	99.9289670190869
507	2.23297671226887		2.94606416059139		0.990751147270203	2.22307899566223	2.91512025183053	0.762602844347933	2.6851048420854E-4	99.9381922850173
506	2.26193071605943		2.98349481229729		0.991183400154114	2.25203299945278	2.95349272458218	0.762498238343	2.58233744734535E-4	99.9405571571489
505	2.29181255187753		3.02254708264906		0.991617441177368	2.28191483527088	2.99351097684497	0.762287111329025	3.2001608000271E-4	99.9263407162463
504	2.3239185942297		3.06370668941819		0.992055416107178	2.31402087762306	3.03566575355847	0.762277887448747	2.62299110256691E-4	99.9396216329582
503	2.35672438023143		3.10535195292366		0.992499232292175	2.34682666362479	3.0783567124861	0.762363456485026	2.70677255474015E-4	99.937693677109
502	2.39434612080376		3.15349849814143		0.99295300245285	2.38444840419711	3.12757139229216	0.762396155072124	2.33671118450983E-4	99.9462097087663
501	2.43406888675832		3.2048421014519		0.993394494056702	2.42417117015167	3.17996644116281	0.76232602293288	2.12207837736492E-4	99.9511492754749
500	2.48085244370028		3.26535352699135		0.993805527687073	2.47095472709364	3.24141879479275	0.762306534121157	3.42052792842191E-4	99.9212704418112
499	2.53195339564453		3.33083101696409		0.994185566902161	2.52205567903789	3.30775511485975	0.762467471581499	1.9612944370578E-4	99.9548497224695
498	2.60455908383098		3.4249042587757		0.994557678699493	2.59466136722433	3.40255443314252	0.762562779878281	2.03787653302351E-4	99.9530871662496
497	2.69888071431346		3.5481703715644		0.994921982288361	2.68898299770682	3.52644094423288	0.762520354156041	2.65631449294406E-4	99.9388547997637
496	2.80189231058153		3.6825151830393		0.995278537273407	2.79199459397489	3.66141523932202	0.762545193997685	2.09880931371432E-4	99.9516848051632
495	2.90344049132811		3.81386269228009		0.99499124288559	2.89354277472147	3.79104796665544	0.763256703732563	2.16119486480959E-4	99.9502490291141
494	2.99500151391147		3.93217563126046		0.99477756023407	2.98510379730483	3.90792886433168	0.763858274020893	1.58985625391957E-4	99.9633989067322
493	3.05156376954483		4.00433647081587		0.994611084461212	3.04166605293819	3.97904684431144	0.764420770086344	2.81888425054921E-4	99.9351138516299
492	3.069197607365		4.02531099465784		0.994498908519745	3.05929989075835	3.99945721366021	0.764928770911529	2.17999548766366E-4	99.9498163450835
491	3.0839699217591		4.04179754244352		0.99443906545639	3.07407220515245	4.01561141714845	0.765530298082328	2.47055822480945E-4	99.9431294720203
490	3.09248326401023		4.04954016936571		0.99444317817688	3.08258554740359	4.02332762711262	0.766178107552189	2.14078259737367E-4	99.9507188062108
489	3.12002081272832		4.08260845536639		0.994451105594635	3.11012309612168	4.05624449350794	0.766749415894299	2.33102808912513E-4	99.9463404965701
488	3.17504580030142		4.15213116016672		0.995079815387726	3.16514808369478	4.12798956415559	0.766752927666918	3.26183164215054E-4	99.9249217486829
487	3.27605917880405		4.28138361326353		0.995648920536041	3.2661614621974	4.25904050561727	0.766877294989244	2.83298825375029E-4	99.9347893062038
486	3.37473013788243		4.40804557564804		0.996206641197205	3.36483242127579	4.38760772914286	0.766894542309762	3.08686216847214E-4	99.9289476260299
485	3.50997298402172		4.58191251831267		0.996731162071228	3.50007526741507	4.56321648403886	0.767019333765464	2.46253242499115E-4	99.9433141679639
484	3.62268002702839		4.72541460514161		0.997203469276428	3.61278231042175	4.70847957113263	0.767292765284885	2.73491395450345E-4	99.9370461032635
483	3.70911562238614		4.8340512380083		0.99762898683548	3.69921790577949	4.81886778452262	0.767652915828226	2.20926816606234E-4	99.9491426572769
482	3.74725320768296		4.87938131595217		0.998053252696991	3.73735549107632	4.86615895636398	0.768029882416519	2.88464795696283E-4	99.9336005803354
481	3.77059330768736		4.90468278069482		0.99850869178772	3.76069559108071	4.89364325070776	0.768485849583908	2.62632605770514E-4	99.9395448891724
480	3.77526938188742		4.90577093987016		0.998985171318054	3.76537166528078	4.89706550893361	0.768903674743924	2.82686487821823E-4	99.9349302102909
479	3.86676543865073		5.01968412300874		0.999535739421844	3.85686772204409	5.01362471367155	0.769277307798263	3.09265916981944E-4	99.9288142400714
478	4.00015140003181		5.18924386354215		1.00016474723816	3.99025368342516	5.18636746261332	0.769373499311317	2.51911553245738E-4	99.9420120407939
477	4.18422714392518		5.42555758330101		1.00086104869843	4.17432942731854	5.42649534038107	0.769249610564561	2.62294849687015E-4	99.9396226133983
476	4.42556065126165		5.7360059341113		1.00160253047943	4.415662934655	5.74146137998963	0.769083451478859	2.71768372653107E-4	99.9374425949471
475	4.72433893375919		6.1187349975234		1.00243234634399	4.71444121715255	6.12987810596925	0.769092163930902	2.41375703110763E-4	99.94443663258
474	5.05575831720053		6.54107387523035		1.00333368778229	5.04586060059389	6.55913663640158	0.769287313301359	2.05542928351589E-4	99.9526831896559
473	5.32648065498597		6.88226459652326		1.00434982776642	5.31658293837932	6.90845433435806	0.769576330835418	2.56687538637966E-4	99.9409129732605
472	5.57813947966398		7.19784082817244		1.00542318820953	5.56824176305734	7.23312514149719	0.769825166042234	2.4697618469269E-4	99.9431477988719
471	5.79947810182643		7.47648089053561		1.0065370798111	5.78958038521978	7.5216001550392	0.769727221054283	2.99089626533633E-4	99.9311557769646
470	5.98665092822696		7.70671499606096		1.00769698619843	5.97675321162032	7.76227405997421	0.769974515901101	2.09599956493021E-4	99.9517494707823
469	6.13029873038735		7.88325785424224		1.00889205932617	6.1204010137807	7.94959237725985	0.769901238117362	2.49886261841034E-4	99.942478112039
468	6.21959862016724		7.98998689434312		1.01006615161896	6.2097009035606	8.06664706016323	0.769799503715357	2.05736312326847E-4	99.9526386824293
467	6.20983752401484		7.97057849598317		1.01115047931671	6.19993980740819	8.05568196765179	0.769635622695202	2.46736726255926E-4	99.943202904883
466	6.16373393533187		7.90285215348035		1.01216447353363	6.15383621872523	7.99521010744037	0.769690369112182	2.80209470740346E-4	99.9355001950487
465	6.0997326050212		7.81505934377256		1.01307439804077	6.08983488841456	7.91345706378884	0.76955429710752	3.03529450895719E-4	99.9301341786469
464	6.03669924345667		7.72876190759395		1.01387333869934	6.02680152685002	7.83220318210028	0.769489936193647	2.75474019964463E-4	99.9365898755345
463	5.95789759582232		7.62501799931709		1.01454770565033	5.94799987921568	7.73215954372461	0.769254675305174	2.72736104886028E-4	99.9372199060096
462	5.90192752768659		7.55011624180388		1.01511299610138	5.89202981107995	7.66043403717719	0.769150910050929	2.8719364242494E-4	99.9338930802738
461	5.82588828238496		7.45051001661595		1.01557767391205	5.81599056577832	7.56278281660574	0.769027844222637	1.92129762727211E-4	99.9557702714719
460	5.74083789209981		7.34082107662456		1.01598358154297	5.73094017549316	7.45436335904807	0.768803437591618	3.24923628149041E-4	99.925211550259
459	5.61778744093134		7.18396927061068		1.01623845100403	5.60788972432469	7.29683452293741	0.768537330358313	2.20464649279895E-4	99.9492490211718
458	5.52139244619932		7.06298316269568		1.01637935638428	5.51149472959268	7.1748784746894	0.768165586223573	3.25892876833135E-4	99.9249885396619
457	5.4387999660606		6.95865021633523		1.01642441749573	5.42890224945395	7.06915001822135	0.767971005773039	2.33536472175937E-4	99.9462406955448
456	5.370306106471		6.87480379333042		1.01638066768646	5.36040838986436	6.9836258584223	0.767568094072461	2.89712104973969E-4	99.9333135678741
455	5.30550718094868		6.79690384246982		1.01623702049255	5.29560946434203	6.9034740340942	0.767093413865048	2.67499351645123E-4	99.938424963263
454	5.21944879506208		6.69338246837175		1.01600134372711	5.20955107845544	6.79669518583275	0.766482965031945	2.98269799256094E-4	99.9313444193907
453	5.13284083642377		6.58921965140515		1.01566588878632	5.12294311981713	6.68865648902195	0.76591511736705	2.604946754648E-4	99.9400368694222
452	4.99109899128702		6.41412953980009		1.01526415348053	4.98120127468038	6.50824815166274	0.765367447368732	3.51461779006318E-4	99.9191056718081
451	4.82522229517249		6.20694622763967		1.01477611064911	4.81532457856584	6.29487492675683	0.764959532094585	2.60888047399761E-4	99.9399463465408
450	4.61291776721222		5.94074770575413		1.01419520378113	4.60302005060558	6.02129417210326	0.764456928866129	3.48129816785894E-4	99.9198722667712
449	4.38878952103748		5.65726472348844		1.0135600566864	4.37889180443084	5.7301962654258	0.764178328559475	2.14484251328329E-4	99.9506253693055
448	4.1572752763571		5.36695731498048		1.01285493373871	4.14737755975045	5.43217053784202	0.763484417666687	2.55328623101745E-4	99.941225690731
447	3.96490871218435		5.12621479885259		1.01211142539978	3.9550109955777	5.18452468297763	0.76284929427826	2.66417647200143E-4	99.93867388186
446	3.79410004587468		4.91310768300491		1.01131975650787	3.78420232926804	4.96494993515802	0.762183381240398	1.98221746096808E-4	99.9543681707206
445	3.67061961423918		4.76179119191032		1.01049888134003	3.66072189763253	4.80801480452362	0.761379081900568	2.34515003067278E-4	99.946015501862
444	3.60392831811894		4.68263814046879		1.00964379310608	3.5940306015123	4.72402985588714	0.760797605255051	2.68466383896284E-4	99.9382024332137
443	3.56257470500294		4.634331182654		1.00880837440491	3.55267698839629	4.67138854552466	0.760518409841946	2.75361858349641E-4	99.9366156853276
442	3.5245600445103		4.58848612668485		1.00797557830811	3.51466232790366	4.62132150271369	0.760531879428819	2.47898824601645E-4	99.9429354741874
441	3.50211230290078		4.56295286262672		1.00718784332275	3.49221458629414	4.59199313730504	0.760500828697592	2.35374943340514E-4	99.9458176003864
440	3.47843353102274		4.53506356830456		1.00642335414886	3.4685358144161	4.56043922418373	0.760570559963317	2.85153644150478E-4	99.9343624978159
439	3.46096894369018		4.51366140774555		1.00571870803833	3.45107122708354	4.53572168483583	0.760864856109099	2.57303588859076E-4	99.9407712063709
438	3.45630463706819		4.50831758452471		1.00510931015015	3.44640692046155	4.52760221611556	0.76119914161063	2.86908824853501E-4	99.9339586186107
437	3.4587609725076		4.50949584379735		1.00464129447937	3.44886325590095	4.52667772678408	0.761897237679245	2.19167286909085E-4	99.9495475987355
436	3.48459767894733		4.54046686418141		1.00431418418884	3.47469996234068	4.55630847970932	0.762612974475855	2.59874359103256E-4	99.9401796169976
435	3.51992841611084		4.58282484741059		1.00416374206543	3.5100306995042	4.59816031443316	0.763355442063767	1.74226938139214E-4	99.959890810831
434	3.56629628701931		4.63876117531208		1.00418722629547	3.55639857041267	4.65443839689805	0.764087579885648	2.23854606739635E-4	99.9484688538105
433	3.63297730481928		4.72003698065138		1.00440275669098	3.62307958821263	4.73707102978468	0.764835394156484	2.62930742741792E-4	99.939476282123
432	3.70393788803183		4.80597523714393		1.00481104850769	3.69404017142518	4.82534836865742	0.765548907394845	2.8892935908347E-4	99.9334936817468
431	3.75873779015661		4.87066696051824		1.00536251068115	3.74884007354996	4.89303525829931	0.766158401820501	2.37813334115164E-4	99.9452564459495
430	3.83653652031449		4.96463672332635		1.00603294372559	3.82663880370784	4.99083489029262	0.766733199519546	1.84212402421423E-4	99.9575925213382
429	3.87701361976212		5.01232948436625		1.0067173242569	3.86711590315548	5.04224316657323	0.766943555755488	2.23023956845625E-4	99.9486600196391
428	3.91070828515483		5.05209040950034		1.00732290744781	3.90081056854819	5.08532838051604	0.767071519608012	2.37017358800189E-4	99.9454396258728
427	3.93671935682824		5.08312823896617		1.00784730911255	3.92682164022159	5.11925714165975	0.767068645227001	2.03702095990822E-4	99.9531068573086
426	3.95064865364758		5.09982120764946		1.00823533535004	3.94075093704094	5.13805852205393	0.766972762207003	1.98748833370711E-4	99.9542468598459
425	3.93968233289062		5.08681710613893		1.00844466686249	3.92978461628397	5.12601137757187	0.766635952756209	2.15623954166154E-4	99.9503630729452
424	3.90292079739298		5.04344917418331		1.00845658779144	3.89302308078633	5.08233729600425	0.765990695628769	1.68035313235326E-4	99.9613159234839
423	3.84239121999813		4.97120688931572		1.00823640823364	3.83249350339148	5.00839035120166	0.765214616802372	2.1174427933239E-4	99.9512559616565
422	3.77024306354813		4.88592596924633		1.00780355930328	3.76034534694149	4.9202937696599	0.76425220179514	2.62223349384754E-4	99.9396390670124
421	3.6948700902165		4.79553839636532		1.00717306137085	3.68497237360985	4.82617962714839	0.763538172694821	2.09653267926045E-4	99.9517372012949
420	3.58183453158613		4.65879840667733		1.00632703304291	3.57193681497949	4.6845204739741	0.762497855399327	2.52307989363324E-4	99.9419208109791
419	3.63950916514474		4.74306499569608		1.00541400909424	3.62961144853809	4.76499309477318	0.761724387915587	2.40183617778101E-4	99.9447109682335
418	3.50658021059777		4.58313541869841		1.00442969799042	3.49668249399113	4.5996900986776	0.760199582792853	2.96124269649787E-4	99.9318381078823
417	3.37856537956633		4.42884381775243		1.00336182117462	3.36866766295968	4.43998955683114	0.758710717635995	3.01227424939987E-4	99.9306638707842
416	3.26656971350993		4.29510524406808		1.00222516059875	3.25667199690329	4.30092354171728	0.757202950788323	2.67908153668069E-4	99.9383308911236
415	3.17689837597762		4.18844558873255		1.00108110904694	3.16700065937097	4.18923902195673	0.755984712920895	2.88850949611469E-4	99.9335117241892
414	3.11026413552122		4.10939960516168		1	3.10036641891457	4.1056689052607	0.755142825799224	2.75888075918864E-4	99.9364945961282
413	3.04941821291278		4.03775280369015		0.998973429203033	3.03952049630614	4.02988089450311	0.754245739731947	2.77511848039476E-4	99.9361209469175
412	2.97755993683273		3.95217696174694		0.997905433177948	2.96766222022608	3.94017597730725	0.753180121222456	3.11108928238762E-4	99.9283901740369
411	2.90268225158505		3.86282474042429		0.996788322925568	2.8927845349784	3.84669987666528	0.75201721676456	2.56398511175711E-4	99.9409794849922
410	2.82965802091981		3.77493392046298		0.99567312002182	2.81976030431316	3.75488567685331	0.750957698045336	2.30543248427612E-4	99.9469295426396
409	2.76369875604665		3.69497922107543		0.994610667228699	2.75380103944	3.67135515455227	0.750077539086744	2.64496673196828E-4	99.93911593219
408	2.72059444713685		3.64398617928701		0.993608474731445	2.71069673053021	3.61698869450554	0.749434670516927	1.91559175065399E-4	99.9559015961125
407	2.67854901273455		3.59314303984173		0.992691278457642	2.6686512961279	3.56317832464742	0.748952494930764	3.07579005595686E-4	99.9292023900226
406	2.65360903480686		3.56430910441007		0.991901516914368	2.64371131820021	3.5317431205251	0.748557080167015	2.30126539542791E-4	99.9470254425307
405	2.63178453538235		3.53867504689531		0.991254270076752	2.6218868187757	3.5040286784418	0.748249246619072	2.66910898761325E-4	99.9385603762067
404	2.62768199633624		3.53580076712164		0.990834653377533	2.61778427972959	3.49969742075974	0.748003031405299	2.38698156791385E-4	99.9450528197399
403	2.62751817797752		3.53735741994745		0.990659058094025	2.61762046137087	3.50061931813711	0.747759245859348	2.14914814523443E-4	99.9505262774656
402	2.6483714249645		3.5669362650441		0.99070817232132	2.63847370835786	3.5300968730481	0.74742246551428	2.64003130748625E-4	99.9392295054129
401	2.66688531649209		3.59187160429993		0.991027057170868	2.65698759988544	3.55594472120091	0.747195979747438	2.17216457851097E-4	99.949996568105
400	2.68862019189352		3.62034761736974		0.991591811180115	2.67872247528688	3.58620771953749	0.74695128803982	2.0588427905486E-4	99.9526046279732
399	2.70387766253568		3.63946784434412		0.992447733879089	2.69397994592904	3.60827908998263	0.746610746770701	1.89159220018646E-4	99.9564539640179
398	2.71404058974117		3.65077952642783		0.99357545375824	2.70414287313452	3.62361819269487	0.746254911344139	2.24682276662101E-4	99.9482783741565
397	2.72460965708175		3.66149861818187		0.99498325586319	2.7147119404751	3.63941783252305	0.745919283083007	2.01898938138101E-4	99.9535218559125
396	2.72076032848385		3.65227973394137		0.996666491031647	2.7108626118772	3.63638656311394	0.745482518106055	2.30351058617258E-4	99.9469737725032
395	2.71630731336492		3.64123418955191		0.998634338378906	2.70640959675828	3.63253589073852	0.745046897859568	2.17571987647126E-4	99.9499147453123
394	2.71367899306292		3.63277269056228		1.00088000297546	2.70378127645628	3.63223555841117	0.74438489271301	2.47667284358134E-4	99.9429887578895
393	2.7085276991382		3.62027367938176		1.00338685512543	2.69862998253155	3.62879168660716	0.743671782673948	1.82093680809313E-4	99.9580801693213
392	2.70597985979291		3.61146982199506		1.00611889362335	2.69608214318626	3.62981449400298	0.742760311206154	1.93080151565017E-4	99.9555515333844
391	2.71752822400457		3.62120208513977		1.00907671451569	2.70763050739793	3.65030614027126	0.741754363429014	2.36236739303328E-4	99.9456192722468
390	2.72444409311757		3.62379950944579		1.01226460933685	2.71454637651092	3.66446753926641	0.740775118737809	2.51221351862506E-4	99.9421708735045
389	2.73515460332867		3.63099346693658		1.01579105854034	2.72525688672203	3.68454108573107	0.739646220061431	1.57842624539399E-4	99.963661996422
388	2.74977717407103		3.64362688973766		1.0196373462677	2.73987945746438	3.71137409169499	0.738238557949591	2.18696968948955E-4	99.9496558388692
387	2.7689925060255		3.66211059327708		1.02374601364136	2.75909478941885	3.74525183222948	0.736691392999442	1.96037220044886E-4	99.9548709481666
386	2.79338125104523		3.68849018301543		1.02809154987335	2.78348353443859	3.78827008790566	0.734763749639991	2.40883688654816E-4	99.9445498602113
385	2.80903049414676		3.7031002049297		1.03263711929321	2.79913277754012	3.82010626887402	0.732736887543488	2.54605604098804E-4	99.941392074299
384	2.82861576018178		3.72259616432446		1.03739488124847	2.81871804357514	3.85793199684465	0.730629271298854	2.18144669463861E-4	99.9497829465827
383	2.84216015710032		3.73365842013963		1.04228162765503	2.83226244049367	3.88763513528595	0.728530929969936	1.87528713782679E-4	99.9568292391693
382	2.86660925368231		3.76065717491456		1.04716074466705	2.85671153707567	3.93410592523459	0.726139964547427	2.41738366392119E-4	99.9443531727072
381	2.86681733473617		3.7553316134124		1.05201208591461	2.85691961812952	3.94672950254232	0.723870135079999	2.48507857638756E-4	99.9427953192709
380	2.87659021067368		3.76315065634991		1.05682492256165	2.86669249406704	3.97304870435085	0.721534697253459	2.5932617884531E-4	99.9403057647391
379	2.87607182688669		3.75843261437658		1.061567902565	2.86617411028005	3.98587103610666	0.719083503785331	2.72862774353802E-4	99.937190757602
378	2.87635869211992		3.75413257777266		1.06622624397278	2.86646097551327	3.99877690763158	0.716834432559289	2.18325389128985E-4	99.9497413552471
377	2.87552089915452		3.74887883023506		1.07074952125549	2.86562318254787	4.01011556758613	0.714598652894391	2.61938363344194E-4	99.9397046478856
376	2.87566407542348		3.74529429655798		1.07512474060059	2.86576635881683	4.02264759129645	0.712408008351839	2.49690039464838E-4	99.9425232679316
375	2.87467552562274		3.74039313690959		1.07931578159332	2.86477780901609	4.03303873875036	0.710327372135221	2.98842066114506E-4	99.9312127406307
374	2.88687612371852		3.7534920626385		1.08323669433594	2.87697840711187	4.06187910312042	0.708287552158241	3.1611174252279E-4	99.9272390650102
373	2.88679572821103		3.75058644741574		1.08680582046509	2.87689801160438	4.07210463484211	0.706489216163261	3.37828321340103E-4	99.9222424012305
372	2.88927812566205		3.75079875210239		1.08998930454254	2.8793804090554	4.08426410029259	0.704993687565191	2.78391127661819E-4	99.9359186148378
371	2.90134395813336		3.7641223238265		1.09271693229675	2.89144624152672	4.1090435995303	0.703678647230036	3.31737220464337E-4	99.923643848294
370	2.90517376768837		3.76712092000592		1.09493815898895	2.89527605108173	4.12067955915873	0.702621014207865	3.20098521567289E-4	99.926321747359
369	2.91661254938095		3.78026252151591		1.09609699249268	2.9067148327743	4.13944517172501	0.702199138335972	3.78028565277692E-4	99.9129935786427
368	2.93153092090337		3.79717211617491		1.09620356559753	2.92163320429672	4.15838400640484	0.702588601677179	3.32843722233238E-4	99.9233892617118
367	2.93624959764233		3.80164704291484		1.09532988071442	2.92635188103568	4.1599712549567	0.70345483218156	4.06952485797072E-4	99.9063396160087
366	2.95692365761831		3.82631612240611		1.09350752830505	2.94702594101166	4.18002593709851	0.705025754710337	3.19998522457758E-4	99.9263447560426
365	2.97418070100639		3.84756672046573		1.09079897403717	2.96428298439974	4.19285238759915	0.706984818537127	4.29670652384584E-4	99.9011136009478
364	2.98469515408937		3.85957950117944		1.08727586269379	2.97479743748273	4.19237133182685	0.709573938477068	4.16770878261303E-4	99.9040809905718
363	3.01316750504982		3.89489204986647		1.08299589157104	3.00326978844318	4.21411175545266	0.712669706624943	4.28009225224762E-4	99.9014957811224
362	3.03258356942536		3.91801641500844		1.07849431037903	3.02268585281872	4.2215348729413	0.716015843477492	4.49912452290749E-4	99.8964574717277
361	3.06211997067453		3.95408588507916		1.07380759716034	3.05222225406788	4.24192140932607	0.719537671621503	3.74861429115712E-4	99.9137222068478
360	3.07773662100275		3.97227228637368		1.06893277168274	3.06783890439611	4.24210415756648	0.723188019540756	3.74543007739457E-4	99.9137954628478
359	3.10533475321669		4.00624556504652		1.06376707553864	3.09543703661005	4.25774353289579	0.727013502033264	4.00014964535496E-4	99.9079355559068
358	3.12936555146052		4.03493007420925		1.05833911895752	3.11946783485387	4.26637599414752	0.731175086099552	3.45560384597907E-4	99.9204634280827
357	3.14698358117527		4.05549999600205		1.05269610881805	3.13708586456863	4.26528177183407	0.735493229376892	3.75554602986981E-4	99.9135627355
356	3.16907565872372		4.08180845536959		1.04688131809235	3.15917794211707	4.26926341592805	0.739981967458508	2.89469573628872E-4	99.9333693755547
355	3.1873384149984		4.10327433663147		1.0409619808197	3.17744069839175	4.26746906454778	0.744572637863625	3.59873347387932E-4	99.9171704221429
354	3.20383782899497		4.12297814514649		1.03497338294983	3.19394011238833	4.26331146361318	0.749168842025312	3.6221333333584E-4	99.9166320682042
353	3.22645054863118		4.14940365773621		1.02894842624664	3.21655283202453	4.26568366569783	0.754053296987351	3.2017118640621E-4	99.9263050279905
352	3.24001295092073		4.16428929000095		1.02306663990021	3.23011523431409	4.25652869688152	0.758861378446851	2.9650380156521E-4	99.9317507770343
351	3.25531540447287		4.18201073768404		1.01734268665314	3.24541768786623	4.25074263922739	0.763494279309299	3.0035610677181E-4	99.9308643602999
350	3.26717614661298		4.19565906526622		1.01178658008575	3.25727843000633	4.24133686475737	0.767983900800737	3.2781794927032E-4	99.9245456088329
349	3.27667791659454		4.20583688504977		1.00650131702423	3.2667801999879	4.22942540962793	0.772393382928884	2.86976336019423E-4	99.9339430838576
348	3.28730374663021		4.21754108422176		1.00149571895599	3.27740603002356	4.22011306038957	0.776615693258468	3.13825144938046E-4	99.927765191854
347	3.3037020742014		4.23683036637124		0.99670946598053	3.29380435759476	4.21917050800994	0.780675810883109	3.26706811381248E-4	99.9248012650647
346	3.31233860981142		4.24555098401218		0.99214780330658	3.30244089320478	4.20851267690222	0.784704988850271	3.68745014393483E-4	99.9151293581939
345	3.31922055558471		4.25209021738449		0.987797260284424	3.30932283897806	4.19651789207346	0.788587806387965	2.56653599052593E-4	99.9409207835215
344	3.33327427867308		4.26833433353051		0.983641147613525	3.32337656206644	4.19483961230017	0.792253547029923	3.26844460639164E-4	99.9247695939909
343	3.33734400521932		4.27173039064585		0.979665756225586	3.32744628861267	4.18121314460414	0.795808817569309	2.77925434988835E-4	99.9360257758816
342	3.3438484851738		4.27870077636019		0.975760638713837	3.33395076856715	4.17134753228838	0.799250300475004	2.86218218265061E-4	99.9341175317629
341	3.34788950078265		4.28293623776904		0.971918165683746	3.33799178417601	4.15903759694846	0.802587547327087	3.41969559428696E-4	99.921289591926
340	3.35601242555488		4.29195630609238		0.968130171298981	3.34611470894823	4.15156059069075	0.805989611822453	3.04463196834717E-4	99.9299193261435
339	3.35605952028125		4.29120652582194		0.964619815349579	3.34616180367461	4.13578413951566	0.809075544273082	2.91215459969966E-4	99.9329676390345
338	3.35838422730322		4.29443540764497		0.961340546607971	3.34848651069657	4.124828409076	0.811788074221167	2.79161834487695E-4	99.9357412669103
337	3.34366389044797		4.27624035156533		0.958259046077728	3.33376617384133	4.09417102316177	0.814271351875963	2.76831434391873E-4	99.9362775179924
336	3.33011353649821		4.26076790289669		0.955322027206421	3.32021581989157	4.06684141065901	0.81641143202423	3.09209022302634E-4	99.9288273312306
335	3.31771467180166		4.24660254650798		0.952541172504425	3.30781695519501	4.04151012355304	0.818460638244545	2.90729472222912E-4	99.9330794669001
334	3.29623040675079		4.22239247580393		0.949889779090881	3.28633269014414	4.0072637023716	0.820093942956438	2.62098608125376E-4	99.9396677724156
333	3.27260593174753		4.19554854280573		0.94739955663681	3.26270821514089	3.97132636587023	0.821566377213607	2.84714874013008E-4	99.9344634621107
332	3.23083242117226		4.14778845998875		0.944806516170502	3.22093470456562	3.91533277511786	0.822646474658506	2.43425086401584E-4	99.9439650079481
331	3.18613774361648		4.09680774730184		0.942112147808075	3.17624002700983	3.85613760827076	0.823684305300034	2.81770274145058E-4	99.9351410392336
330	3.13840985074078		4.04331680513277		0.939315378665924	3.12851213413414	3.7944453520894	0.824497876194588	2.56014800421839E-4	99.9410677855512
329	3.08970145249791		3.98867998894483		0.936610460281372	3.07980373589127	3.73234518780929	0.825165835665635	2.63683361936975E-4	99.9393030901849
328	3.04554685062356		3.9401139368928		0.933943271636963	3.03564913401692	3.67635863877304	0.82572170788812	2.47485200865208E-4	99.9430306602692
327	2.99534735131243		3.88230813878394		0.931326270103455	2.98544963470579	3.61222105946228	0.826485861623931	2.82830325744766E-4	99.9348971119417
326	2.94892791790417		3.82992074885655		0.92875337600708	2.93903020129752	3.55358692521218	0.827060168542812	2.26691629698177E-4	99.9478159438923
325	2.89649856020351		3.77042228718023		0.926237106323242	2.88660084359686	3.48884951621363	0.827379005652735	2.60015940004048E-4	99.9401470362973
324	2.85696258624039		3.72548403052386		0.923812508583069	2.84706486963375	3.43820228069011	0.828067878851586	2.49045965932958E-4	99.9426714862129
323	2.80945012305133		3.67083374998051		0.921528518199921	2.79955240644469	3.3793400398262	0.82843169774317	2.75580611245338E-4	99.9365653475511
322	2.76825390739563		3.62331542741648		0.919212281703949	2.75835619078899	3.32716673620029	0.829040564988067	2.55184362932423E-4	99.9412588883449
321	2.72984111458037		3.57841783238104		0.916910946369171	2.71994339797373	3.27766976161599	0.829840586695567	2.38070195799913E-4	99.9451973337562
320	2.70592616106265		3.55145829879735		0.914670467376709	2.69602844445601	3.2450016610078	0.830824981340288	2.6982283416323E-4	99.9378902924997
319	2.67921331937252		3.52073416561934		0.912529110908508	2.66931560276587	3.20936804563412	0.831726235449091	2.26122336743125E-4	99.9479469601202
318	2.64444038249974		3.47976742994319		0.910539090633392	2.6345426658931	3.16506732318091	0.832381240865793	2.41562972825974E-4	99.944393536103
317	2.62579315357035		3.45966089926181		0.908678650856018	2.6158954369637	3.14032999100777	0.833000176559224	2.07524153085996E-4	99.9522272126984
316	2.59551692078117		3.42495739598251		0.906927943229675	2.58561920417452	3.10280609079968	0.833316400867363	2.73926526500597E-4	99.9369459737619
315	2.56877755321223		3.39386970079423		0.905307412147522	2.55887983660559	3.06911796571906	0.833750890381977	2.17011716482431E-4	99.9500436879851
314	2.54372402548031		3.36464941282506		0.903821349143982	2.53382630887367	3.03767008547829	0.834134793303172	2.32253180665713E-4	99.9465360259186
313	2.52433308317498		3.34260639533501		0.902508914470673	2.51443536656834	3.01336507943868	0.834427724581157	1.77290608325914E-4	99.9591856601328
312	2.49560617899289		3.30888876851661		0.901354432106018	2.48570846238625	2.97911887395767	0.834377065015892	2.4122738873345E-4	99.944470764258
311	2.4707652611234		3.28028913484183		0.900331139564514	2.46086754451676	2.94998758958002	0.834195897368878	2.4462061845687E-4	99.9436898811518
310	2.43450477542845		3.23696988452664		0.899488806724548	2.4246070588218	2.90826245603399	0.833696097060047	2.12272793513523E-4	99.951134326162
309	2.40906708021759		3.20854919372224		0.898925364017487	2.39916936361095	2.88089263116825	0.832786802831331	2.23287088568062E-4	99.9485994624453
308	2.37287632108486		3.16572525590507		0.898677170276642	2.36297860447822	2.84161232001991	0.831562626551979	2.23880080236938E-4	99.9484629913437
307	2.34868468299793		3.13850963101382		0.898729979991913	2.33878696639129	2.81731980603811	0.830146070523754	2.24827605651935E-4	99.9482449282333
306	2.32347230516899		3.10932424294685		0.899035274982452	2.31357458856234	2.79203814495597	0.828632872635351	2.27380511623515E-4	99.9476574058677
305	2.29484216612323		3.07559749747614		0.899677276611328	2.28494444951659	2.76368875455519	0.826773436679684	2.48574998620193E-4	99.9427798683335
304	2.26815288400331		3.04483015140768		0.900652170181274	2.25825516739667	2.73897282073659	0.824489805192502	1.6588717483155E-4	99.9618103605113
303	2.22928540368987		2.99971535666607		0.901984810829163	2.21938768708323	2.70233265387934	0.821285893095797	2.25759030745432E-4	99.948030570908
302	2.18850708354031		2.95162474406526		0.903549313545227	2.17860936693367	2.6635676400087	0.817929056581627	1.86708314828508E-4	99.9570180616367
301	2.14636644650167		2.90182080139318		0.905354738235474	2.13646872989502	2.62379960521929	0.814265207466736	2.3164003577233E-4	99.9466771323659
300	2.10464281385589		2.85261805500775		0.907451450824738	2.09474509724924	2.58522696362789	0.810275123507784	2.25924221204657E-4	99.9479925541737
299	2.06039060456005		2.79940293070867		0.910263776779175	2.05049288795341	2.54479916345167	0.805758237193146	2.31570549938343E-4	99.9466931235402
298	2.0208165080385		2.75230332152187		0.913794457912445	2.01091879143185	2.51163042880705	0.800642788989851	1.81723749471506E-4	99.9581653134887
297	1.9754170941574		2.69850626363136		0.917980194091797	1.96551937755076	2.47375059502705	0.794550340483806	1.84217994953436E-4	99.9575912341562
296	1.92672001183246		2.63971950849517		0.922788560390472	1.91682229522581	2.43246031788803	0.788017909739256	2.38605636982276E-4	99.9450741115099
295	1.88478265848441		2.59004872011943		0.928298592567444	1.87488494187776	2.4008753781006	0.780917226682974	1.77114582480531E-4	99.9592261750471
294	1.82881848634475		2.52249955046746		0.934404373168945	1.8189207697381	2.35354862897104	0.772841804646851	2.32217624509227E-4	99.9465442086493
293	1.77695138450122		2.46010715569724		0.941053092479706	1.76705366789457	2.31158066002141	0.764435218919941	2.15299231661746E-4	99.9504378059793
292	1.72528171918033		2.39704393573439		0.947771847248077	1.71538400257369	2.2683149065691	0.756237151026028	2.21227131293936E-4	99.9490735424563
291	1.6754881646918		2.33677057171741		0.954483270645142	1.66559044808515	2.22684752739687	0.747958909441899	2.29735250628502E-4	99.9471154924446
290	1.61379811366877		2.26076144116176		0.961205065250397	1.60390039706212	2.16946938092572	0.739305385530602	2.52941604992815E-4	99.94177500043
289	1.55825086047276		2.19379139748404		0.967701375484467	1.54835314386611	2.1193247494456	0.730587959335231	2.33743968901986E-4	99.9461929433545
288	1.49017001357682		2.11164325328104		0.973872363567352	1.48027229697018	2.05283778055353	0.721085860262682	3.03441120926247E-4	99.9301545031663
287	1.42328025554332		2.02950732831627		0.979641914367676	1.41338253893668	1.98453569434205	0.712198093975461	2.23459230983144E-4	99.948559845571
286	1.36722786318917		1.96199938180867		0.985037505626678	1.35733014658253	1.9289680977732	0.703656088532219	2.55814112935302E-4	99.9411139683308
285	1.31128659144004		1.89454602514461		0.990005016326904	1.3013888748334	1.87191665693898	0.695217316438367	2.47515377717168E-4	99.943023715751
284	1.26103343001975		1.8340377856403		0.994526863098145	1.25113571341311	1.82028956448663	0.68732785037196	2.82283683672943E-4	99.9350228990651
283	1.20890954106787		1.77005386255612		0.998537302017212	1.19901182446123	1.76373956532817	0.679812285232787	2.5306503728856E-4	99.941746595646
282	1.15515534206391		1.70497523732788		1.00214016437531	1.14525762545727	1.70488548037959	0.671750471593132	2.98512932664885E-4	99.9312884743059
281	1.10123827684967		1.63857690995648		1.00528156757355	1.09134056024302	1.64348076078626	0.664042187948043	3.48826044455245E-4	99.919712083009
280	1.05227616767031		1.58034585702753		1.00794303417206	1.04237845106367	1.5891382651958	0.655939432013636	5.9045629681114E-4	99.8641347937459
279	1.00363954371915		1.51981184390272		1.00999760627747	0.993741827112501	1.53123832636416	0.648979201997959	3.67627775691E-4	99.9153863939098
278	0.966713915204585		1.47525642415888		1.01076138019562	0.956816198597939	1.48736137204427	0.643297732872319	3.75679303981682E-4	99.9135340468581
277	0.93248765343949		1.43356834449147		1.01021814346313	0.922589936832845	1.44444793077191	0.638714568506333	3.4925178597427E-4	99.9196141311562
276	0.898085697400196		1.39142538964278		1.00850391387939	0.888187980793551	1.39949552587425	0.634648674734924	3.94369936022846E-4	99.9092341835287
275	0.872046328302584		1.36109756688798		1.00567150115967	0.862148611695939	1.36506517474722	0.631580548420036	4.02262284993372E-4	99.9074185689868
274	0.843764783920963		1.32671410602684		1.00166654586792	0.833867067314318	1.32518821865466	0.629244250421168	3.97787233727963E-4	99.9084480389478
273	0.824997833007182		1.30558309872602		0.996584177017212	0.815100116400537	1.29740550148094	0.628253938703153	3.69277864920452E-4	99.9150067690317
272	0.804604664448533		1.2813354212106		0.990479826927185	0.794706947841887	1.26544170324411	0.628007553255564	4.07796863277193E-4	99.906145373197
271	0.788494195457731		1.26291811629152		0.984030902385712	0.778596478851086	1.23907932962352	0.62836693360679	4.1926971191694E-4	99.9035061664096
270	0.777385964911297		1.25121913104774		0.977289319038391	0.767488248304652	1.21915711938369	0.629523657043183	4.3088075978434E-4	99.9008352393443
269	0.763103991701764		1.2355887127142		0.969450056552887	0.753206275095118	1.1942248201869	0.630707269153255	4.35354349494223E-4	99.899806184025
268	0.748267286743958		1.2184451580952		0.960526764392853	0.738369570137313	1.16676574819051	0.632834458229871	4.2853382344278E-4	99.901375106978
267	0.737546930036306		1.20718711065483		0.95069831609726	0.727649213429661	1.14412398320014	0.635988078315087	3.62165171124519E-4	99.9166431487185
266	0.723836935584253		1.19146875134264		0.940096080303192	0.713939218977608	1.11658788658726	0.639393663099546	3.7024932872964E-4	99.9147832715926
265	0.712279869285218		1.17840090776693		0.928679645061493	0.702382152678573	1.09089231170526	0.643860209795249	3.41697130794503E-4	99.9213522715826
264	0.69789862239444		1.16124546197366		0.916590332984924	0.688000905787795	1.06096684120317	0.648465983166432	3.59066761427607E-4	99.9173559917623
263	0.683193876969799		1.14345484620002		0.903754353523254	0.673296160363154	1.03003065903334	0.653666135525548	3.30360986788529E-4	99.9239604963457
262	0.669826637643329		1.12696260688604		0.890914976596832	0.659928921036684	1.00070412812441	0.659464573483442	2.96556490659476E-4	99.9317386532028
261	0.652854718460657		1.10489496018467		0.878135800361633	0.642957001854012	0.966971759033842	0.66491807630083	3.57978164910457E-4	99.9176064435331
260	0.638005986525361		1.08591272606862		0.865367650985718	0.628108269918716	0.936485317923658	0.670708080412126	3.14596797527903E-4	99.9275876407832
259	0.619000377470444		1.06035656467172		0.85245943069458	0.609102660863799	0.900730683139631	0.676231721940105	2.5924618827252E-4	99.940324172256
258	0.598947907152621		1.03339511458414		0.839563012123108	0.589050190545976	0.864468157467368	0.681401837022795	3.05954509541568E-4	99.9295761799401
257	0.579794152041167		1.00689854944343		0.826433718204498	0.569896435434522	0.829051735880578	0.687407565499162	2.42079013518349E-4	99.9442747794861
256	0.561486328933169		0.981499733626949		0.81306129693985	0.551588612326524	0.794986158668861	0.693834233856491	1.93902271378381E-4	99.9553623176218
255	0.544816550557396		0.958155500016615		0.799651682376862	0.53491883395075	0.763207397114668	0.700882664362308	2.03139662329404E-4	99.9532363017998
254	0.52506092166905		0.930209893133651		0.786224722862244	0.515163205062405	0.728420846936992	0.707232923424233	2.06722411556687E-4	99.9524117324858
253	0.505259005244268		0.901940938778834		0.772798895835876	0.495361288637623	0.694135880833286	0.713637347262555	1.5422093923186E-4	99.9644956207267
252	0.486593525277348		0.875063676007813		0.759391844272614	0.476695808670703	0.661683155701314	0.720429112579503	1.217758874318E-4	99.9719639965135
251	0.465544845246708		0.844431298505702		0.746072351932526	0.455647128640063	0.627223472872108	0.726451015223677	1.5010539596042E-4	99.9654429276206
250	0.446881504562006		0.8172086118469		0.732924580574036	0.436983787955361	0.596217957419207	0.732926243696	9.31385727549989E-5	99.9785563505584
249	0.425430839364515		0.785050199804989		0.720633029937744	0.41553312275787	0.56304463856527	0.738010975145269	7.95739169971395E-5	99.9816791069737
248	0.406017742823434		0.755865536530492		0.708929538726807	0.396120026216789	0.533210602792123	0.742896004210217	5.14591162826052E-5	99.9881518025493
247	0.387146443155188		0.726749620203962		0.697923898696899	0.377248726548542	0.504612183689481	0.747601304015852	2.33462340511692E-5	99.9946244754361
246	0.368027284296037		0.696951622276154		0.6875981092453	0.358129567689392	0.476657395514454	0.7513353848268	4.89606917258506E-6	99.9988726447656
245	0.350132656987169		0.668543977736345		0.678074300289154	0.340234940380524	0.450792798191155	0.75474795015747	-4.59550993597033E-5	100.010582112539
244	0.329335688991657		0.634944392909665		0.669374763965607	0.319437972385012	0.422518516769548	0.75603307241382	-8.02663070481684E-5	100.018483708235
243	0.309259367660745		0.601427249794081		0.661558091640472	0.2993616510541	0.395410988927375	0.757089862034875	-9.67807110340095E-5	100.022287065449
242	0.290134605774273		0.569006151595993		0.653966724872589	0.280236889167628	0.369671335795862	0.75807037774327	-9.44301765057426E-5	100.021745715713
241	0.273610234502411		0.540228720985884		0.646870613098145	0.263712517895765	0.347044803825134	0.759880323776992	-1.2127935290693E-4	100.027929502569
240	0.258411067693026		0.513163996362584		0.640305876731873	0.248513351086381	0.326193133527256	0.761859541306426	-1.33642554580776E-4	100.030777070566
239	0.243256795292642		0.485713599743755		0.63483726978302	0.233359078685997	0.305980708218291	0.762659450149111	-2.37307099664122E-4	100.054656910464
238	0.227244092414731		0.45609768799686		0.630380034446716	0.217346375808086	0.285163117538439	0.762182633168853	-1.20019376180502E-4	100.027639301598
237	0.20918062965732		0.421840472252397		0.626808166503906	0.199282913050674	0.262074619804958	0.760405235726318	-3.44736097592841E-4	100.079409932939
236	0.193302291097719		0.391262400780343		0.624054491519928	0.183404574491074	0.241840898540124	0.75836872753202	-3.85634243600818E-4	100.088835001
235	0.177106227930014		0.359654332058986		0.622274458408356	0.167208511323369	0.221482185435859	0.754952417479158	-4.41440216911358E-4	100.101697042701
234	0.161223917507636		0.328289010834218		0.621340751647949	0.151326200900991	0.201661304868848	0.750397806854457	-4.38499378819155E-4	100.101019203356
233	0.149587282727474		0.304994949648		0.621121406555176	0.139689566120829	0.187121674547659	0.746517293939941	-6.90348454905599E-4	100.159085012285
232	0.135331749947522		0.276236371271702		0.621190249919891	0.125434033340877	0.169277866103367	0.740994887449032	-7.04789637856953E-4	100.162415562821
231	0.121968895424807		0.248945755536024		0.621524631977081	0.112071178818162	0.152407197208811	0.735340462068958	-7.36077214264867E-4	100.169631754248
230	0.110207871950378		0.224805312212074		0.621933937072754	0.100310155343733	0.137493804021472	0.729561277743598	-9.66737960201107E-4	100.222847578536
229	0.097826465406529		0.199379666103953		0.62280935049057	0.0879287487998839	0.121852005565026	0.721602803270736	-9.32799445768293E-4	100.215015838092
228	0.0858496918108922		0.174431757420681		0.623824656009674	0.0759519752042471	0.106487528487716	0.713247610146279	-0.00100548931861505	100.231790691852
227	0.0761696984108509		0.154137588457278		0.624672889709473	0.0662719818042057	0.0939551057066739	0.705357961185267	-0.00107100538223386	100.246912430661
226	0.069282442578996		0.13959619199286		0.625293791294098	0.0593847259723508	0.0849558486561709	0.699006918437008	-0.00107503141771732	100.247841752847
225	0.0627538462992358		0.125715985749495		0.625641524791718	0.0528561296925907	0.0763190602404191	0.692567879191438	-0.00116984263518121	100.269729338062
224	0.0571310237509027		0.113717750667127		0.625679969787598	0.0472333071442576	0.0688166946003908	0.686364078055986	-0.00103650399388221	100.238948893424
223	0.0513573566291977		0.101302296615174		0.625520944595337	0.0414596400225526	0.061033077342339	0.679297879574423	-0.0011082947466442	100.255520194036
222	0.0459003749920672		0.0894610771419208		0.62475597858429	0.0360026583854221	0.053560565727565	0.672185924408436	-0.00101540870879245	100.234080036147
221	0.0413437471645105		0.0794816267652318		0.623277485370636	0.0314460305578653	0.0472138472104466	0.666034064491731	-0.00115345247643711	100.265945256435
220	0.0377445326250592		0.0715294085505473		0.621200323104858	0.0278468160184141	0.0421165797192041	0.661184175070052	-0.00118729716251557	100.273759313056
219	0.0346427347706321		0.0646788449563998		0.618524014949799	0.0247450181639869	0.0376978913834218	0.6564032431498	-0.00113360632876972	100.261363463728
218	0.0324048346178311		0.0596748055934604		0.6152663230896	0.022507118011186	0.0344205242079491	0.653886555451941	-0.0011067932940429	100.255173589007
217	0.0301813290343696		0.0546789685925488		0.611503660678864	0.0202836124277245	0.0311550528101454	0.65105370070563	-0.00131461440548825	100.303159755867
216	0.0281013037512381		0.0499516977221558		0.607404947280884	0.018203587144593	0.0280748627448419	0.648394519682469	-0.00123228254683196	100.284146475267
215	0.0265956932912508		0.0465218709994105		0.602963209152222	0.0166979766846057	0.0258015018488922	0.64717072604526	-0.0012695239506367	100.292746360099
214	0.0251425557085563		0.0432016815366642		0.598491311073303	0.0152448391019112	0.0236230395484916	0.645337746254782	-0.00113565616240727	100.261836690096
213	0.0238485646248596		0.0401963301006139		0.594147801399231	0.0139508480182145	0.0216659740097506	0.643905878034196	-0.00146680253683701	100.338314762479
212	0.0227061598824152		0.0375823910165152		0.590187430381775	0.0128084432757701	0.019978842593556	0.641100364838017	-0.00102015180871929	100.235174737723
211	0.0218253218732395		0.0355110716354485		0.586437284946442	0.0119276052665944	0.0186371949145511	0.639989296741318	-0.00112124295534399	100.258509291997
210	0.0209859458084783		0.0335589130968012		0.583247244358063	0.0110882292018331	0.0173972231505882	0.637356266908506	-0.00116678352681993	100.269023054884
209	0.0201435872226718		0.0315766264607401		0.579938590526581	0.0102458706160267	0.0161489274009747	0.634461370815767	-9.96522565203094E-4	100.229721256226
208	0.0192758164589273		0.0294528604284242		0.577307462692261	0.00937809985228221	0.0148495952290626	0.631539089626367	-0.00294877178405969	100.681290088923
207	0.0183837022046796		0.0273271852831857		0.575665593147278	0.00848598559803443	0.0135836847537392	0.624718973671592	-0.00180765700770565	100.417095841441
206	0.017807218575849		0.025236104101432		0.574895739555359	0.00790950196920391	0.0123633652522565	0.639753158450149	-0.00152230957472853	100.351139789744
205	0.0171635018616548		0.0235701472771105		0.574898242950439	0.00726578525500972	0.0114056634376458	0.637033110325533	-0.00311147077666723	100.719015212964
204	0.0165416993910712		0.0220772616934761		0.567570567131042	0.00664398278442608	0.0104129684814724	0.638048871102181	-0.00384903465009728	100.890212008
203	0.0159585019427637		0.0206475910315405		0.570808053016663	0.0060607853361186	0.00965629768933077	0.627651045059967	-0.00392297588127434	100.907390631922
202	0.0153499451023915		0.0191621363827825		0.576338827610016	0.00545222849574632	0.00889373601026116	0.613041413580952	-0.00492811550157262	101.141203130843
201	0.0147106851466786		0.0175617742313555		0.582763433456421	0.00481296854003346	0.00806024436516133	0.597124394991855	-0.00536852644410387	101.243820796065
200	0.0141106978806282		0.0160573930098735		0.590864896774292	0.00421298127398302	0.00728341025135543	0.578435256094353	-0.00467668214905622	101.082664713077
