Wavelength	I	I dark	R	R dark	XCorrect	Ic	Rc	Ic/Rc	Abs	Percent T
nm	uA	uA	uA	uA		uA	uA	uA/uA	OD	T*100
	Abs Detector Raw	Dark Offset for Abs Detector	Ref Detector Raw	Dark Offset for Ref Detector	Linear interp	Dark subtracted Abs Detector	Corrected Ref Detector	Corrected Intensity 	-Log(T)	% Transmittance
800	0.167602443216097	0.00990986079547753	0.181824174631285	0.00378487740911649	1.26322114467621	0.157692582420619	0.224903004834336	0.7011581838881	1.27050064068605E-4	99.9707499203113
799	0.172841176677525		0.187837607205371		1.25946629047394	0.162931315882047	0.23180820884809	0.702871208451554	1.29707082012778E-4	99.9701383001436
798	0.174870922915752		0.190243989375015		1.25578379631042	0.164961062120275	0.234152331481207	0.704503179945976	2.1323567420499E-4	99.9509127232759
797	0.174646175640344		0.190053532413191		1.25213968753815	0.164736314844867	0.233234375474953	0.7063123285725	1.6931829019727E-4	99.9610206218364
796	0.172798347545616		0.1880313867685		1.24854493141174	0.162888486750138	0.230040045390965	0.708087526557826	1.38184027003495E-4	99.9681870133373
795	0.17103932770096		0.18617925283425		1.24499154090881	0.161129466905482	0.227079454513638	0.7095730754268	1.84160401392916E-4	99.9576044899405
794	0.172020439223529		0.187489672293126		1.24150061607361	0.162110578428051	0.228069616024173	0.710794279632887	1.76457019313202E-4	99.9593775229409
793	0.17674751859612		0.193113408652185		1.23799812793732	0.166837657800642	0.234388367244041	0.71180007677998	2.61584335640324E-4	99.9397861166587
792	0.184495234133704		0.202173467972672		1.23457276821136	0.174585373338227	0.2449251514336	0.71281112746625	1.57112836470293E-4	99.9638299754137
791	0.191881591602359		0.21073718005851		1.23109483718872	0.181971730806881	0.254777911335985	0.714236685011943	2.06714373909824E-4	99.9524135823417
790	0.19645377252281		0.215985282797854		1.22767388820648	0.186543911727332	0.260512896762583	0.716064018501694	1.31365820380146E-4	99.9697564763023
789	0.196919203734329		0.216617165081401		1.22422575950623	0.187009342938851	0.26055476902305	0.717735252515403	2.61084604159486E-4	99.9399011148641
788	0.192290674585648		0.211389198412227		1.22079539299011	0.182380813790171	0.253442398645438	0.719614455848481	2.01765227377948E-4	99.9535526296478
787	0.186006690426493		0.204316144699035		1.21735346317291	0.176096829631015	0.244117432709835	0.721361140317778	1.65864767474425E-4	99.9618155180257
786	0.180523701900123		0.198259157532991		1.21391463279724	0.170613841104645	0.236075174345081	0.722709796055269	1.60748783205089E-4	99.9629930740602
785	0.177488928657855		0.194978281577167		1.21042191982269	0.167579067862377	0.231424687330528	0.724119236350248	4.61035522278204E-5	99.9893848282398
784	0.177119057329071		0.19483139932983		1.20695853233337	0.167209196533594	0.23058522970482	0.725151375687178	1.7222249163845E-4	99.9603521676387
783	0.179329971932053		0.197508459827861		1.20348119735718	0.169420111136576	0.233142688925632	0.726679922571441	6.34096270696019E-5	99.9854004596324
782	0.181337256660666		0.19997818981372		1.20004236698151	0.171427395865188	0.235440287003962	0.728114113547201	1.78553347576685E-4	99.9588950227681
781	0.183908544377748		0.203028684567766		1.1966587305069	0.17399868358227	0.23842684133583	0.729778084578944	1.41521674445218E-4	99.9674187390547
780	0.186396710413948		0.206096184097745		1.19330596923828	0.17648684961847	0.241419289915937	0.731038723872992	2.39961993434232E-4	99.9447619709231
779	0.189830633549336		0.210178454131482		1.19010949134827	0.179920772753858	0.245630954610604	0.732484116422072	2.27657838433457E-4	99.9475935824546
778	0.194137769877035		0.215283479021056		1.18701219558716	0.184227909081557	0.251051419463002	0.733825403081248	2.2914823034994E-4	99.9472505874681
777	0.199545658458636		0.22164134947905		1.1839507818222	0.189635797663159	0.257931340432225	0.735218129543231	1.97468330319063E-4	99.9545415721026
776	0.205572600687667		0.228755089036501		1.1809515953064	0.195662739892189	0.265678930317778	0.736463142403342	2.06909276446286E-4	99.9523687257401
775	0.213337271219385		0.237856326678662		1.17803692817688	0.203427410423907	0.275744811071406	0.737737945579067	1.64199838955164E-4	99.9621987363337
774	0.222123950833628		0.248126810608266		1.17517721652985	0.21221409003815	0.287145072938498	0.739048341893728	1.92375720828695E-4	99.9557136625912
773	0.232380782724711		0.260152090940464		1.17244553565979	0.222470921929234	0.300576594994369	0.74014718921612	2.84326900515851E-4	99.9345527378032
772	0.244740349363863		0.274501981019843		1.1697244644165	0.234830488568385	0.316664419029445	0.741575227454113	3.32906966392746E-5	99.9923348276077
771	0.259899657736822		0.292256309867358		1.16703009605408	0.249989796941344	0.336654843530598	0.742570029052984	1.49437226330382E-4	99.9655967263152
770	0.282606935897736		0.31872813135582		1.16448152065277	0.272697075102258	0.366745599275189	0.743559229180114	1.67024425783662E-4	99.9615485991492
769	0.319457622014526		0.361767198261481		1.16197168827057	0.309547761219048	0.415965321731838	0.744167229927416	2.65201651661368E-4	99.9389537038628
768	0.367186065732504		0.417457070780654		1.15950226783752	0.357276204937026	0.479653846355621	0.74486258715861	1.93802554143155E-4	99.9553852681172
767	0.423283009172902		0.483037907005423		1.15713560581207	0.413373148377425	0.554560744739193	0.745406436172889	1.0073461482856E-4	99.9768076875874
766	0.474095519651018		0.542096718720119		1.15489220619202	0.46418565885554	0.62169215003095	0.746648737373363	2.89918613993729E-4	99.9332660491361
765	0.506503692128943		0.579219329045417		1.15279674530029	0.496593831333466	0.663358962979986	0.748604992239244	2.18649071763673E-4	99.949666862052
764	0.503441327944402		0.575244034566673		1.1508207321167	0.493531467148925	0.657647045614851	0.750450367624643	2.2201155059369E-4	99.9488930153837
763	0.478458231730753		0.545933741104689		1.14889180660248	0.468548370935276	0.622870387458687	0.752240562995705	1.39933424602741E-4	99.967784328612
762	0.445007301078284		0.507051969409467		1.14707088470459	0.435097440282806	0.577283028463549	0.753698651839511	1.33455795446442E-4	99.9692753884589
761	0.404698962311125		0.460523234243824		1.14529764652252	0.394789101515648	0.523101365159355	0.754708604890338	1.79689692807753E-4	99.9586334775038
760	0.374194577057038		0.425713816658307		1.14352190494537	0.364284716261561	0.482484984361815	0.75501772711829	1.1245549781769E-4	99.9741095168742
759	0.364451155159936		0.414976525746621		1.14178252220154	0.354541294364458	0.469491437347004	0.755160299339848	1.52040456679541E-4	99.9649975183902
758	0.366173695436256		0.417232708598934		1.14000296592712	0.356263834640779	0.471331753812529	0.755866397201157	2.901497670971E-4	99.9332128597004
757	0.3697736282832		0.42155267470716		1.13824582099915	0.359863767487722	0.475522449422516	0.756775559018817	2.28941840120299E-4	99.9472980855178
756	0.378586376966247		0.431900961103799		1.13651084899902	0.36867651617077	0.48655857374998	0.757722782129445	1.71373107034211E-4	99.9605476683202
755	0.38814805447931		0.443272298948986		1.13479709625244	0.378238193683833	0.498729049802917	0.758404175239645	2.56884730900712E-4	99.9408675949029
754	0.401386202924948		0.458717590024965		1.13314974308014	0.391476342129471	0.5155068864194	0.759400800343486	1.22684498615491E-4	99.9717548399313
753	0.41703532090441		0.477229949570134		1.13162350654602	0.407125460108932	0.535761572715784	0.759900449831082	2.54672681332604E-4	99.9413766382484
752	0.431477584640647		0.493992969827859		1.13012480735779	0.421567723845169	0.553996326009961	0.760957616599049	1.19918756905581E-4	99.9723914976465
751	0.441838276432744		0.506099054984564		1.12870526313782	0.431928415637266	0.566964655978152	0.761825999351026	2.0504573893336E-4	99.9527976176464
750	0.453502061176176		0.519702726194855		1.12733149528503	0.443592200380699	0.581610439915864	0.762696420038246	1.98802700490711E-4	99.9542344621589
749	0.464318565039206		0.532368599862506		1.12599456310272	0.454408704243728	0.595182397627115	0.763478063288454	1.83448619691159E-4	99.9577683143847
748	0.480226264560603		0.550937561885476		1.12473857402802	0.470316403765125	0.615403730113541	0.764240417714648	1.9131124958648E-4	99.9559586579055
747	0.501668735788399		0.576144435869227		1.12356340885162	0.491758874992922	0.643082256592252	0.76469047303341	2.44590244821808E-4	99.9436968710018
746	0.527725560940629		0.606604651506792		1.1224285364151	0.517815700145152	0.676622116762535	0.765295262033066	1.99479934857366E-4	99.954078594671
745	0.556612377231453		0.640692224612772		1.12132000923157	0.546702516435976	0.714176952446056	0.765500083086579	2.92458493800202E-4	99.9326816121865
744	0.587253990878547		0.676488045087415		1.12025701999664	0.577344130083069	0.753600445965592	0.766114368925718	1.50664695461403E-4	99.9653141887379
743	0.615367914411228		0.709381401279221		1.11920189857483	0.605458053615751	0.789704969143221	0.766688924691247	2.50682883715694E-4	99.9422947887536
742	0.644583072375545		0.743332730184086		1.11819970607758	0.634673211580068	0.826962191603273	0.767475488026357	2.15999664672403E-4	99.9502766053827
741	0.669513655466845		0.772088435330414		1.1171909570694	0.659603794671368	0.858341787193917	0.768462871681615	1.57874628028698E-4	99.9636546300243
740	0.697262294271983		0.804205586080987		1.11617469787598	0.687352433476505	0.8934093426755	0.769358904864467	2.21213571213722E-4	99.9490766631902
739	0.730631297434545		0.842732651967079		1.11507248878479	0.720721436639068	0.935487582936808	0.770423306289627	2.00284080921762E-4	99.953893518397
738	0.769507333350982		0.887869600944436		1.11387884616852	0.759597472555504	0.984763271766735	0.77135032787396	1.57468089941194E-4	99.9637482048996
737	0.815210093483304		0.940985591943132		1.11252617835999	0.805300232687826	1.04266032929678	0.772351464863886	2.22581366413662E-4	99.9487618775834
736	0.872703484672029		1.00807045037869		1.11103796958923	0.862793623876551	1.11579940387987	0.773251554783444	2.27473431098431E-4	99.9476360215692
735	0.937683057471465		1.0838022265043		1.10932576656342	0.927773196675988	1.1980910736868	0.774376186462198	2.08323423711072E-4	99.9520432619255
734	1.00455920771694		1.16143462823267		1.1074481010437	0.994649346921459	1.28203701822326	0.77583512237417	2.12294017554657E-4	99.9511294415342
733	1.05930213657534		1.22487290617743		1.1053968667984	1.04939227577987	1.34978688108553	0.777450344558041	1.6133887600661E-4	99.9628572505464
732	1.09162565329189		1.26215151168032		1.10324323177338	1.08171579249641	1.38828447234915	0.779174451664081	2.33155265708349E-4	99.9463284244285
731	1.10921592421769		1.28246891729982		1.10097706317902	1.09930606342222	1.40780179897275	0.780867068236709	1.83507251050526E-4	99.9577548197177
730	1.11631430675769		1.29090014437795		1.09864163398743	1.10640444596221	1.4140784200328	0.782420854662747	2.21409555368802E-4	99.9490315591611
729	1.12240854348871		1.29808669677843		1.09623396396637	1.11249868269323	1.41885761401611	0.784080567143223	1.21273456847422E-4	99.9720796530632
728	1.12550425270486		1.30230418028209		1.09382593631744	1.11559439190938	1.4203540922913	0.785433997032184	1.35132101169194E-4	99.9688895241387
727	1.13135570836995		1.31006616145225		1.09146678447723	1.12144584757447	1.42576263271735	0.786558591058823	2.35905528081355E-4	99.9456954950051
726	1.13481146702313		1.31478330468291		1.08920443058014	1.12490160622766	1.42794529547021	0.787776401376243	1.91639442018859E-4	99.9558831221154
725	1.14612016448771		1.32879408648728		1.08703660964966	1.13621030369224	1.4403335183909	0.788852227060285	1.2055582359356E-4	99.9722448482271
724	1.15190077664723		1.33641237869316		1.08495438098907	1.14199091585175	1.44584004574465	0.789845957865689	1.18741890120145E-4	99.9726624067907
723	1.16525836936729		1.35303484414188		1.08299386501312	1.15534850857182	1.46122943634074	0.790668788787254	1.6476057367365E-4	99.9620696712833
722	1.1857473829573		1.37813236448837		1.08117377758026	1.17583752216182	1.48590846431342	0.791325677456944	1.32109563394251E-4	99.9695852750842
721	1.20364248786626		1.40045375569557		1.07950687408447	1.19373262707079	1.50771365493007	0.791750226024285	1.91101689570529E-4	99.9560068896428
720	1.22458393980895		1.42607026865473		1.07795476913452	1.21467407901347	1.53315932056357	0.792268659050369	1.58270357269633E-4	99.9635635431586
719	1.23314867976496		1.43734239232795		1.07653081417084	1.22323881896949	1.5432688386963	0.792628470359603	1.74640201356815E-4	99.9597956916707
718	1.23810933190579		1.44409243197383		1.07519900798798	1.22819947111031	1.54861725386557	0.793094270417398	1.33759472420785E-4	99.9692054857599
717	1.2284515972642		1.4340159198681		1.07402753829956	1.21854173646872	1.53610752573184	0.793265911439489	1.55248065882927E-4	99.9642592003243
716	1.20489871039542		1.40741592455202		1.07296395301819	1.19498884959995	1.50604551692151	0.793461310546978	1.68729086334828E-4	99.9611562382484
715	1.16705835410131		1.36357792271303		1.07196414470673	1.15714849330584	1.45764938878737	0.793845558614393	1.20719391906819E-4	99.9722071956916
714	1.11033102583677		1.29781003204565		1.07102370262146	1.1004211650413	1.38593161240413	0.793993841537702	1.18935096587211E-4	99.9726179315293
713	1.03957121471815		1.21525861483401		1.07008218765259	1.02966135392267	1.29637646722728	0.794261065325361	1.41393383130934E-4	99.9674482696012
712	0.962673718992701		1.12552765510955		1.06905663013458	0.952763858197224	1.19920655380623	0.794495206162102	1.24156798976562E-4	99.9714159265732
711	0.891224437967163		1.04207590983754		1.06793642044067	0.881314577171686	1.10882880854726	0.794815728431829	1.37930858090899E-4	99.9682452891055
710	0.812290960499363		0.950034438342522		1.06664419174194	0.802381099703885	1.00931159810798	0.794978578674812	1.7125912547319E-4	99.9605739031936
709	0.733341189696666		0.858162491993315		1.06514143943787	0.723431328901189	0.910033002221704	0.794950652487376	1.5273582695768E-4	99.9648374596389
708	0.650297481227223		0.761840405281031		1.06344926357269	0.640387620431746	0.806153592862597	0.794374206232552	7.79871261949234E-5	99.9820444127864
707	0.587169698276344		0.689311928092813		1.06151580810547	0.577259837480867	0.727697801184663	0.793268629561764	2.15116997036356E-4	99.9504797462645
706	0.533396949162596		0.62750503899652		1.0593421459198	0.523487088367119	0.660733054429444	0.792282276265352	1.29706161892516E-4	99.9701385119458
705	0.492647439132552		0.58102903362803		1.05691242218018	0.482737578337075	0.610096519338683	0.791247881335793	1.79458634595018E-4	99.9586866586293
704	0.45961067931583		0.543614008447943		1.05424511432648	0.449700818520353	0.56911222396879	0.790179510438725	9.8914656022282E-5	99.977226652277
703	0.42804008770614		0.508103397627922		1.0513402223587	0.418130226910663	0.530210345186451	0.788611973920699	1.64430071972627E-4	99.962145743276
702	0.402513404763706		0.479789677037933		1.04815697669983	0.392603543968229	0.498927751673548	0.786894580731022	4.80288183133586E-5	99.9889415673815
701	0.379540058908237		0.454462525649878		1.04489290714264	0.36963019811276	0.470909878054497	0.784927680089956	6.80909720568787E-5	99.9843227032941
700	0.364446620247845		0.438321240008809		1.04165291786194	0.354536759452367	0.452636070019083	0.783271115440314	1.32593457795512E-4	99.9694738882311
699	0.344417912442133		0.416551853804291		1.03863656520844	0.334508051646656	0.428714874594555	0.780257629183049	1.79108981460575E-4	99.9587671360096
698	0.339693687607495		0.412164735291548		1.03591132164001	0.329783826812017	0.423045318310151	0.779547279070088	1.5573590361875E-4	99.9641469117447
697	0.339063783435207		0.412703666563808		1.0335921049118	0.32915392263973	0.422655232020384	0.778776406165144	2.43304046790925E-4	99.9439928627351
696	0.343776341399775		0.419537031404667		1.03182005882263	0.333866480604298	0.428981411991325	0.778277266267772	2.57758463207624E-5	99.9940650681743
695	0.35353861400481		0.43243432749571		1.03069472312927	0.343628753209332	0.441806726276517	0.777780718970455	1.03698246385011E-4	99.9761254467956
694	0.36821211705897		0.451185580167366		1.03009569644928	0.358302256263493	0.460865538499656	0.777455084686832	8.13983745784007E-5	99.9812590879385
693	0.383340786737289		0.470478765515079		1.02995276451111	0.373430925941811	0.480672660235174	0.776892377775566	1.55817921308404E-4	99.9641280332465
692	0.399928291248645		0.491354626027367		1.03007698059082	0.390018430453168	0.502234374484112	0.776566579804078	1.64319787331502E-4	99.9621711276436
691	0.417987853859588		0.514002373739605		1.03042733669281	0.408077993064111	0.525742055877899	0.776194311453153	8.50488684565678E-5	99.9804186917201
690	0.433200774941378		0.533065741888529		1.03089714050293	0.423290914145901	0.545634129714745	0.775777927174745	1.48622910387024E-4	99.9657841651589
689	0.445146349844818		0.548048365119677		1.03128290176392	0.435236489049341	0.561289628930297	0.775422289342514	1.51256871330072E-4	99.9651778825934
688	0.455319091503389		0.560806803179049		1.03155958652496	0.445409230707911	0.57460130743257	0.775162229786921	8.78178800619353E-5	99.9797812301159
687	0.46180780607707		0.569186435713925		1.03166389465332	0.451897945281593	0.583304373683795	0.774720653006047	2.37735005419567E-4	99.9452744719264
686	0.467967240561736		0.577035218031195		1.03159546852112	0.458057379766258	0.591362453713924	0.774579746971638	1.70380258883044E-4	99.960776190124
685	0.470651653697982		0.58057627026314		1.0313640832901	0.460741792902505	0.59488192614051	0.774509650833935	7.35973890405192E-5	99.9830550107367
684	0.473932203306456		0.584890462445608		1.03098654747009	0.464022342510978	0.599112040832361	0.774516803011171	1.42702931390612E-4	99.9671468335803
683	0.4722606563771		0.583001650197296		1.03047323226929	0.462350795581622	0.59686738003962	0.77462902320266	1.36777569201192E-4	99.9685107597124
682	0.468630578266605		0.578640027595095		1.02990901470184	0.458720717471127	0.592048501324322	0.774802598849654	7.26710093742203E-5	99.9832682816204
681	0.465257488680474		0.574849871055064		1.02931475639343	0.455347627884996	0.587805624819496	0.774656806022952	1.44824658231115E-4	99.9666584496166
680	0.462409281599569		0.571578015904564		1.02871644496918	0.452499420804092	0.584098138910928	0.774697590455935	1.07831928114931E-4	99.9751738631729
679	0.462004613937612		0.571511440282271		1.02808725833893	0.452094753142135	0.583672445510445	0.77456929245094	1.46167734558499E-4	99.9663492984519
678	0.464604987767554		0.575183626546894		1.02740895748138	0.454695126972076	0.587060193157812	0.774528970404652	9.65944391445249E-5	99.9777607817168
677	0.467740351524557		0.579526847049559		1.02669847011566	0.457830490729079	0.59111339941122	0.774522267952481	1.37174495107078E-4	99.9684193929666
676	0.473279961792949		0.586858629552001		1.0259222984314	0.463370100997471	0.598188363953447	0.774622391407019	6.96738665757079E-5	99.9839582861657
675	0.478822491067677		0.594230623541099		1.0251362323761	0.468912630272199	0.605287327612235	0.774694279693559	1.53600097549237E-4	99.9646385241542
674	0.484105942889827		0.601255806618496		1.02431344985962	0.474196082094349	0.611997508689292	0.774833353668268	7.86788443454006E-5	99.9818851675216
673	0.487259559210234		0.605544707358195		1.02344214916229	0.477349698414756	0.61586637364262	0.775086477917945	1.18248758903631E-4	99.9727759234728
672	0.492160477769752		0.612125395808462		1.02255475521088	0.482250616974274	0.622061489876701	0.775245895819498	1.02346945437765E-4	99.9764365215359
671	0.495848046419568		0.617217627538603		1.02164971828461	0.48593818562409	0.626713396356341	0.775375456228148	1.47033883851858E-4	99.966149927518
670	0.499700956255247		0.622318639175935		1.02074801921844	0.489791095459769	0.631367112143214	0.77576276312072	6.36222238212748E-5	99.98535151458
669	0.502144086738648		0.625822479799141		1.0197958946228	0.492234225943171	0.634351393218359	0.775964601332139	8.52390748167412E-5	99.9803749036727
668	0.505430428583427		0.630207117232793		1.01878011226654	0.495520567787949	0.638186519813823	0.776451009859165	4.15318536995065E-5	99.990437394525
667	0.507460744737424		0.633185446688666		1.01773703098297	0.497550883941946	0.64056426667756	0.776738431762066	2.16616943104768E-5	99.9950123349473
666	0.510393183385374		0.637403769425716		1.01666116714478	0.500483322589897	0.644175722282576	0.776936021147275	2.8764380782138E-4	99.9337894944371
665	0.511876417022026		0.639361383553636		1.01556634902954	0.501966556226548	0.645470111874142	0.777675909375685	9.83277801417444E-5	99.9773617547594
664	0.51226058297508		0.640277794377611		1.01445806026459	0.502350722179603	0.645695369920009	0.777999573145206	1.09265371774461E-4	99.974843883059
663	0.515035264055302		0.643937093069044		1.01329731941223	0.505125403259824	0.648664524144005	0.778715937836127	5.17845908795331E-5	99.9880768681613
662	0.516343587719508		0.646098088543808		1.01216089725494	0.50643372692403	0.650124316100793	0.778979826445246	8.71627891862173E-5	99.9799320399801
661	0.520776650445935		0.652115855853746		1.01106476783752	0.510866789650457	0.655504610202995	0.779348888930398	1.9638982890357E-4	99.9547897936502
660	0.522613489733029		0.654834865242296		1.00999879837036	0.512703628937551	0.657559705390549	0.779706579850475	1.26756063429037E-4	99.9708175966821
659	0.528051444423214		0.661997235513969		1.00900542736053	0.518141583627736	0.664139841683572	0.78016940274847	8.95060627709893E-5	99.9793925910314
658	0.531253527235126		0.666413734824935		1.00805485248566	0.521343666439648	0.667966235115042	0.780494041513728	1.3639631058063E-4	99.9685985201488
657	0.53683379759857		0.673702751519442		1.00716114044189	0.526923936803093	0.674715250091365	0.780957502786161	4.08135416260423E-5	99.9906027763127
656	0.544146737022474		0.683443532120169		1.00634658336639	0.534236876226997	0.683972165023867	0.78107985024267	1.68549067451614E-4	99.9611976730356
655	0.551748099601964		0.693370663733334		1.00559914112091	0.541838238806487	0.693446874456821	0.78136950178182	1.74363774084624E-5	99.9959852063253
654	0.561824755140313		0.706753541792651		1.00487756729126	0.551914894344835	0.706397441347713	0.78130930555447	2.6881428526321E-5	99.9938105138963
653	0.575288587178799		0.724338655247775		1.00422203540802	0.565378726383322	0.723595981402076	0.781345862766976	1.17380448199742E-4	99.9729758051702
652	0.585691951700218		0.738198605448741		1.00357329845428	0.57578209090474	0.737038007478834	0.78121085352749	1.2178622578947E-4	99.9719616166861
651	0.595481043152802		0.750850187734614		1.00296664237976	0.585571182357324	0.749281585935558	0.781510173676797	3.88315834075289E-5	99.9910590972134
650	0.60125594089584		0.75856917574088		1.00240564346313	0.591346080100362	0.756600040245122	0.781583463713244	1.150050064165E-4	99.9735226245365
649	0.606739330156156		0.765812971488302		1.001877784729	0.596829469360678	0.76345901879732	0.781743950449189	4.98610711130319E-5	99.9885197231277
648	0.609559181829458		0.769856648229957		1.00140357017517	0.599649321033981	0.767147006310405	0.781661553915195	1.40304765997148E-4	99.9676988516785
647	0.611088146056747		0.772100140347457		1.00099229812622	0.60117828526127	0.769077660734101	0.781687358708914	1.45373580015214E-4	99.9665320979264
646	0.609928825993021		0.770979571504279		1.00062572956085	0.600018965197543	0.767674750494186	0.781605705816538	1.44543681194142E-4	99.9667231254201
645	0.612330226740261		0.774314221149157		1.00029969215393	0.602420365944783	0.770760265338733	0.781592400433399	6.84795484396731E-5	99.9842332443424
644	0.612788480217434		0.775440560866336		1.00000286102295	0.602878619421956	0.771657891181839	0.78127707409123	1.47251232656104E-4	99.9660998980596
643	0.617609540378834		0.781903797840022		0.9997199177742	0.607699679583356	0.777900983151735	0.781204411287935	1.05239423289639E-4	99.9757706630519
642	0.622349205582063		0.788484265037849		0.999445915222168	0.612439344786585	0.784264597642873	0.780909079189966	1.51503398443082E-4	99.9651211374107
641	0.629033922352227		0.797501125963733		0.999167442321777	0.61912406155675	0.793055433997553	0.780681948594605	1.63680397521262E-4	99.9623182970029
640	0.637387596635254		0.808595123111787		0.998895227909088	0.627477735839776	0.803921113804738	0.780521527628621	1.67713259368635E-4	99.9613900504682
639	0.644437952136867		0.818131539699658		0.998560547828674	0.63452809134139	0.813174449219295	0.780309922367312	1.52278351548438E-4	99.9649427602607
638	0.654862068611328		0.831936308016079		0.998183071613312	0.64495220781585	0.826646738764216	0.780202930190002	6.25155720191637E-5	99.9856062935722
637	0.661947600199226		0.841543850397122		0.997746467590332	0.652037739403749	0.835871055990887	0.78006976641964	2.2485480071554E-4	99.9482386695796
636	0.6705820926574		0.852915415598266		0.997253656387329	0.660672231861923	0.84679853395927	0.780200018501332	1.4013157131741E-4	99.9677387183536
635	0.67974309268183		0.865074314475463		0.996708512306213	0.669833231886352	0.858454513483454	0.780278071074831	7.441967556909E-5	99.982865704529
634	0.690324061877832		0.879251034084342		0.996089160442352	0.680414201082354	0.872042348998319	0.780253621700735	1.06700023451295E-4	99.9754344294884
633	0.699388139600402		0.891427192177779		0.995416641235352	0.689478278804925	0.883573931585395	0.780328905321817	1.38834484822508E-4	99.968037287649
632	0.710162732147681		0.905763529400767		0.994728446006775	0.700252871352204	0.89722382282694	0.780466204236388	1.57660321537645E-4	99.9637039579947
631	0.717905851928753		0.91625221038913		0.994035542011261	0.707995991133275	0.907024959906357	0.780569468789889	2.05665552976953E-4	99.9526549676565
630	0.724944571077874		0.925553992578524		0.993336021900177	0.715034710282396	0.915626465972826	0.780924030546336	9.48785809534579E-5	99.9781557855812
629	0.733018296936726		0.936571863628249		0.992607176303864	0.723108436141249	0.925891056483964	0.780986522201894	1.50041554042088E-4	99.9654576226866
628	0.743517462239012		0.950464319627425		0.991834938526154	0.733607601443534	0.938949746376569	0.781306565420082	9.01304550576757E-5	99.9792488491252
627	0.752771054120982		0.96307044903262		0.991048812866211	0.742861193325504	0.950698826957157	0.781384358812279	2.06124818621718E-4	99.952549267957
626	0.763336164857574		0.977242276673746		0.99024510383606	0.753426304062096	0.963961423414783	0.781593833281339	9.61817319787732E-5	99.9778557899649
625	0.774613703875011		0.99231200317603		0.989454746246338	0.764703843079534	0.978102856383323	0.781823545539103	7.40000332381648E-5	99.982962314237
624	0.781122291495489		1.00120855465415		0.988670885562897	0.771212430700011	0.986123750263251	0.782064553758219	1.26239089644223E-4	99.9709365996279
623	0.788388214012842		1.01093635918071		0.987914323806763	0.778478353217365	0.994979375085365	0.782406522899607	9.29102785617176E-5	99.9786089059806
622	0.794075540039921		1.01873549092445		0.987213253974915	0.784165679244444	1.00197269779231	0.782621802941568	1.14700984709583E-4	99.9735926096109
621	0.802377715910068		1.02985617569447		0.986586511135101	0.79246785511459	1.01230810235121	0.782832670482422	5.68136646508303E-5	99.9869190259037
620	0.806858076304763		1.03630836377904		0.986040651798248	0.796948215509285	1.0181101314972	0.782772109670809	1.37820861610945E-4	99.9682706086915
619	0.813235146896957		1.04495285379577		0.985671520233154	0.80332528610148	1.02624962210311	0.782777668122513	8.14172831775734E-5	99.9812547348887
618	0.815297456153853		1.04808067360749		0.985484898090363	0.805387595358376	1.02913773629274	0.782584844531712	1.12435620674595E-4	99.9741140925706
617	0.820105633319699		1.05473168981626		0.9854616522789	0.810195772524222	1.03566778221199	0.782293112173286	1.12863448849714E-4	99.9740156070418
616	0.821158923110412		1.05662307164464		0.985575616359711	0.811249062314935	1.03765165221072	0.78181252888343	1.62078585200191E-4	99.9626869896183
615	0.82574993566531		1.06285042299915		0.985840737819672	0.815840074869832	1.04406995886387	0.781403648235991	1.10241594271071E-4	99.9746191563216
614	0.827589626820068		1.06584286073134		0.986221313476563	0.817679766024591	1.04742421930031	0.780657684782972	1.99575494577937E-4	99.9540566013389
613	0.830723669165944		1.07033806029834		0.986693203449249	0.820813808370466	1.05236077667396	0.779973775690018	1.21491838332147E-4	99.9720293829203
612	0.833010905179753		1.07378952818005		0.987153947353363	0.823101044384276	1.05625931469499	0.779260388933906	1.41518754273543E-4	99.96741941123
611	0.838015014351653		1.08069927394102		0.98754894733429	0.828105153556175	1.06350567866422	0.778656071302119	1.57502875789901E-4	99.963740198066
610	0.839682459718525		1.08334296594705		0.98789769411087	0.829772598923047	1.06649294632537	0.778038525038589	1.80593362873911E-4	99.9584254860724
609	0.84413525358501		1.08950697043903		0.98806357383728	0.834225392789532	1.07276245143322	0.777642237267903	1.7589650451654E-4	99.959506533897
608	0.847298424959089		1.09405281240084		0.988040208816528	0.837388564163612	1.07722855815519	0.777354590002408	1.61516805438784E-4	99.9628162960063
607	0.856153965390013		1.10616713577773		0.98785537481308	0.846244104594535	1.08899423902801	0.777087769858042	1.1368692000547E-4	99.9738260452501
606	0.859269761276		1.11069071516639		0.987536489963531	0.849359900480523	1.09310990573896	0.77701235348914	9.0778669378047E-5	99.9790996233459
605	0.869206765325649		1.12416519936548		0.987073302268982	0.859296904530172	1.10589750419065	0.777013151104854	1.25818705417014E-4	99.9710333685877
604	0.875040648969331		1.13216218267093		0.986512660980225	0.865130788173853	1.11315849800352	0.777185629652458	9.97536810427766E-5	99.9770335038096
603	0.881957398514446		1.1416834777989		0.98584908246994	0.872047537718969	1.1217962911381	0.777367107208254	1.32550788224733E-4	99.9694837102641
602	0.892623385105128		1.15613077540963		0.985228002071381	0.88271352430965	1.13532344678219	0.777499598736813	1.72999841256315E-4	99.9601732474008
601	0.900245269229946		1.16650652762647		0.984650254249573	0.890335408434468	1.144874168508	0.777670972867486	1.396979487348E-4	99.9678385314816
600	0.910196322046629		1.17973881669713		0.984116673469543	0.900286461251151	1.15727587888552	0.777935907657681	1.2401950799183E-4	99.9714475299596
599	0.920388831466351		1.19354401073376		0.983676254749298	0.910478970670873	1.17033780832256	0.777962537137768	1.36105572311449E-4	99.96866544411
598	0.931998491759316		1.20910694554707		0.983342826366425	0.922088630963839	1.18524480916459	0.777973144310804	6.87478406273465E-5	99.9841714775424
597	0.943889766736215		1.22511220976534		0.983100771903992	0.933979905940738	1.20068784318684	0.777870710726766	1.06486634407592E-4	99.9754835520734
596	0.955175865934282		1.24028794823009		0.982921838760376	0.945266005138805	1.2153858720042	0.777749706420429	1.30563346862746E-4	99.969941196946
595	0.969022666110887		1.25891931412244		0.982812881469727	0.959112805315409	1.2335622923781	0.777514691589996	1.46528517445904E-4	99.9662662531114
594	0.97958623570979		1.2731592692047		0.982775807380676	0.969676374914312	1.24751044276526	0.777289184661979	1.84834059087902E-4	99.9574494404061
593	0.995253587942108		1.29415795076142		0.982796370983124	0.985343727146631	1.26817397370498	0.776978354371948	1.30663895279669E-4	99.9699180517793
592	1.00531770228178		1.30802043544724		0.982810854911804	0.995407841486299	1.28181686380182	0.776560107450887	1.98219603816032E-4	99.9543686637739
591	1.01803232778029		1.32491594624398		0.982813537120819	1.00812246698481	1.2984254987618	0.776419184578684	1.51865217180392E-4	99.9650378546606
590	1.0283518269456		1.33877952803673		0.982779562473297	1.01844196615012	1.312005458648	0.776248268966508	1.28173907819659E-4	99.970491221751
589	1.03976453289365		1.35439271004222		0.982710957527161	1.02985467209817	1.32725711645056	0.77592702976216	1.72200115102186E-4	99.9603573179839
588	1.04975597114718		1.36778998019132		0.982594430446625	1.0398461103517	1.34026381709457	0.775851811478344	1.15721591982183E-4	99.9733576684361
587	1.06124292636251		1.38338428860069		0.982425510883331	1.05133306556703	1.35535365635422	0.775689105672259	1.0500463816009E-4	99.9758247112417
586	1.07032899962943		1.39569955802169		0.982219994068146	1.06041913883395	1.36716642933465	0.775632809642654	4.78738930179438E-5	99.9889772363106
585	1.07917871120295		1.40790318040945		0.981987595558167	1.06926885040747	1.37882675624251	0.775491805309446	1.26933790485304E-4	99.9707766854658
584	1.08947642081757		1.4217220051223		0.981722772121429	1.07956656002209	1.39202116771249	0.775538896291458	1.34168312148566E-4	99.9691113759675
583	1.09438464528526		1.42868581582446		0.981434881687164	1.08447478448978	1.39844748390959	0.775484812241897	1.65806095218246E-4	99.9618290226542
582	1.10151895464396		1.43853505894916		0.981141924858093	1.09160909384848	1.4076935548067	0.775459325022182	1.42614574054728E-4	99.9671671719269
581	1.11151280378615		1.45204128600701		0.980872988700867	1.10160294299068	1.4205555919066	0.775473307251677	1.01205429357439E-4	99.9766993037371
580	1.11648179638104		1.45914261807092		0.980610847473145	1.10657193558557	1.42713958744697	0.775377507091038	1.52194561583529E-4	99.9649620468513
579	1.12962926336953		1.4767133943679		0.980334997177124	1.11971940257405	1.44396337351489	0.775448618096474	1.3371912841397E-4	99.9692147724505
578	1.13492347263792		1.48431426714026		0.980064511299133	1.12501361184244	1.45101431281086	0.77532909352431	1.43650175932601E-4	99.9669287943583
577	1.14358073426104		1.49614787457589		0.979791462421417	1.13367087346557	1.46220452345764	0.775316212799562	7.27563872117065E-5	99.983248625938
576	1.1514887817148		1.50721870125284		0.979541301727295	1.14157892091932	1.47267552486873	0.775173418476604	2.04880868236952E-4	99.952835562615
575	1.16062933343608		1.51945341952671		0.979297995567322	1.15071947264061	1.4842911652402	0.775265325017539	6.68609848447558E-5	99.9846058743165
574	1.16700177908933		1.52833664397852		0.979087650775909	1.15709191829385	1.4926698076167	0.775182771427091	1.43290657103072E-4	99.9670115492853
573	1.17836605974461		1.54407185509728		0.978899002075195	1.16845619894913	1.50778538536837	0.774948616884004	1.71905687804712E-4	99.9604250855219
572	1.18561277297249		1.55388654011666		0.978744149208069	1.17570291217701	1.51715293305271	0.774940275672369	1.11490422697536E-4	99.9743316763465
571	1.19579810618374		1.56790289748253		0.978596448898315	1.18588824538826	1.5306403401017	0.774766099075545	1.4714389824531E-4	99.9661246043458
570	1.20519032263791		1.58059285562274		0.978484988212585	1.19528046184243	1.54288293597587	0.774705866512434	7.26056033023903E-5	99.9832833394062
569	1.21234039432565		1.59062791417639		0.978414237499237	1.20243053353017	1.55258981984963	0.774467614148488	7.15332723453663E-5	99.983530211763
568	1.22193684051533		1.60377409027132		0.978417158126831	1.21202697971985	1.56545689868222	0.77423209846283	1.31321361424423E-4	99.9697667102596
567	1.22752943235089		1.61163767971744		0.978434324264526	1.21761957155542	1.57317837014337	0.773986977360012	1.42786297903902E-4	99.9671276440396
566	1.24065195274524		1.62924038960804		0.978512525558472	1.23074209194976	1.59052857842471	0.773794390521867	8.50377061219387E-5	99.9804212614393
565	1.24817515217807		1.63996816666478		0.978631198406219	1.23826529138259	1.6012200131765	0.773326139564116	1.69494584761177E-4	99.9609800443442
564	1.26336368208564		1.66022580971128		0.978813290596008	1.25345382129016	1.6213463996246	0.77309439955606	1.39796017526106E-4	99.9678159575729
563	1.27286091105159		1.67325670412943		0.979029059410095	1.26295105025612	1.63446143222564	0.772701652884133	1.05874855590921E-4	99.9756243849153
562	1.28285442144867		1.68686373379918		0.979272127151489	1.2729445606532	1.64819221186079	0.772327736712247	6.8020858342309E-5	99.9843388450438
561	1.29256524752071		1.70020150687821		0.979509949684143	1.28265538672523	1.66165696737461	0.771913464637534	1.63785456771986E-4	99.9622941153349
560	1.30563265469506		1.7178327171349		0.979763388633728	1.29572279389958	1.67936131973006	0.771556888131648	7.80477090373237E-5	99.9820304655771
559	1.32119383322175		1.73887325202397		0.980009019374847	1.31128397242627	1.700402256535	0.771161039916719	7.42801483230041E-5	99.9828978263651
558	1.33184481889696		1.75337455354074		0.98027241230011	1.32193495810148	1.71507449235691	0.770774076573687	8.30835587116051E-5	99.9808711334248
557	1.3476758735212		1.77488101707785		0.980539977550507	1.33776601272573	1.73663056903057	0.770322736788229	1.42744779470272E-4	99.96713720087
556	1.36341013401741		1.79622758681677		0.98082560300827	1.35350027322194	1.75807370131254	0.769876867057077	1.45809076190516E-4	99.9664318548371
555	1.37580019439271		1.81287885017797		0.981100916862488	1.36589033359723	1.77490375537392	0.769557408091392	3.74109448887116E-5	99.991386182609
554	1.38847252100223		1.83004217255812		0.98138552904129	1.37856266020675	1.79226248176532	0.769174534551945	1.64308159453793E-4	99.9621738040485
553	1.40261503498381		1.84911316704978		0.981669664382935	1.39270517418833	1.81150280276789	0.768812044927748	1.12558693836664E-4	99.9740857612675
552	1.41781241041136		1.86979748856137		0.981943130493164	1.40790254961588	1.83231826493457	0.768372272742781	1.85241559650005E-4	99.9573556499035
551	1.43142904854055		1.88804313210419		0.982206225395203	1.42151918774507	1.8507301880138	0.768085589650774	1.32028707948388E-4	99.9696038870778
550	1.44623091920894		1.90809924316907		0.982443392276764	1.43632105841346	1.87088106545858	0.767724407997789	1.41834543066776E-4	99.96734672189
549	1.46368623224954		1.93134989615234		0.982618629932404	1.45377637145407	1.89406129782309	0.767544520932317	7.59138727776037E-5	99.9825217124498
548	1.47575080587077		1.94793323959193		0.982732713222504	1.46584094507529	1.910578194875	0.767223738346491	1.26363778093231E-4	99.9709078973999
547	1.492034370564		1.96979399542499		0.982794582843781	1.48212450976853	1.93218311100748	0.767072489830281	1.41307929368628E-4	99.9674679396541
546	1.50429096078602		1.98621623351855		0.982793211936951	1.49438109999055	1.94832007991531	0.767010059279121	6.54566850739888E-5	99.9849291770338
545	1.51974457095377		2.00720123404505		0.982752025127411	1.50983471015829	1.96886148165734	0.766856746512886	2.03786562348584E-4	99.9530874173331
544	1.53866569972338		2.03240337322657		0.982672691345215	1.5287558389279	1.99346799699762	0.766882559053053	1.33721210853053E-4	99.9692142930988
543	1.55243010549113		2.05117995396209		0.982572853565216	1.54252024469565	2.01171482274403	0.766768841814078	1.19436236933043E-4	99.9725025713635
542	1.56454387955161		2.06743226255194		0.98248028755188	1.55463401875614	2.0274928763608	0.766776562759908	1.09386167691468E-4	99.9748160757721
541	1.57977793863381		2.08776528554198		0.982422113418579	1.56986807783833	2.0473484368808	0.766781095762124	1.33025355527788E-4	99.9693744705101
540	1.59077557195168		2.10183126143792		0.982404112815857	1.5808657111562	2.06112939654834	0.766990036532201	2.04574492024295E-4	99.9529060750974
539	1.60401064880309		2.11951836311285		0.982460975646973	1.59410078800761	2.07862558457346	0.766901360128657	1.90439155506153E-4	99.9561593767518
538	1.61876708490135		2.13877871459839		0.982597053050995	1.60885722410588	2.09783865270422	0.766911803265699	6.93169532456564E-5	99.9840404553473
537	1.63850146134838		2.1655417027727		0.982804477214813	1.6285916005529	2.12458428661701	0.766546006581888	1.54466198287486E-4	99.9644391678085
536	1.65450602213648		2.18703190044074		0.983075141906738	1.644596161341	2.14629587698428	0.766248576897886	2.09334204076429E-4	99.951810633031
535	1.66888561802629		2.20587254977952		0.983403861522675	1.65897575723081	2.16554152042053	0.766078942189318	1.47634752275394E-4	99.9660116193795
534	1.6867251000717		2.22959302087614		0.98377537727356	1.67681523927623	2.18969524607783	0.765775622100712	1.00722957342631E-4	99.9768103712002
533	1.69737194756334		2.24397628497883		0.984184384346008	1.68746208676786	2.20476140127621	0.765371747614543	1.33140680655575E-4	99.9693479240541
532	1.71647510300459		2.26921866769046		0.984593272209167	1.70656524220911	2.23053086854633	0.765093756950023	1.23285700616564E-4	99.9716164472508
531	1.73560995095059		2.29466858213955		0.984989404678345	1.72570009015511	2.25649617650975	0.76476978251492	9.75080624580994E-5	99.9775504591803
530	1.75611516479688		2.32191474902287		0.985359311103821	1.7462053040014	2.28419085334252	0.764474343921888	1.16067296769372E-4	99.9732780882065
529	1.78020595144378		2.3540256253594		0.985676109790802	1.7702960906483	2.31657615751146	0.764186441662253	1.27429876702185E-4	99.9706624908394
528	1.79521831405469		2.37385975613952		0.98594456911087	1.78530845325921	2.33676245507035	0.764009388025478	1.59219584650169E-4	99.9633450553541
527	1.81601483801944		2.40125704606911		0.986159026622772	1.80610497722396	2.36428882020093	0.763910467195151	1.06246061251457E-4	99.9755389325244
526	1.83528843718559		2.42695088141566		0.98632550239563	1.82537857639011	2.39003042628977	0.76374700351568	1.50718611023762E-4	99.9653017785277
525	1.85580152304113		2.45416703120926		0.986455500125885	1.84589166224565	2.41719295302646	0.763650936485848	1.68176973729102E-4	99.9612833175732
524	1.87973678905877		2.48527995833103		0.986546039581299	1.86982692826329	2.44810914432399	0.763784136258196	1.11467858520612E-4	99.9743368706068
523	1.90223860629063		2.51518320528186		0.986623227596283	1.89232874549515	2.47780392402571	0.763712062583496	1.51284874380803E-4	99.9651714368982
522	1.9250680053083		2.54519265340413		0.986712396144867	1.91515814451282	2.50763855623324	0.763729740776361	8.99325705577535E-5	99.9792944042703
521	1.94196481767974		2.56747133983855		0.986819267272949	1.93205495688427	2.52989519637219	0.763689721082039	1.13084449921689E-4	99.9739647329001
520	1.95839279307797		2.58893766055355		0.98695296049118	1.94848293228249	2.55142419264642	0.76368443079685	1.23791091109542E-4	99.971500109887
519	1.97581199314264		2.61182761407537		0.987108528614044	1.96590213234716	2.57442122835317	0.763628776322953	2.01375266956995E-4	99.9536423796875
518	1.99578025172985		2.63783751387378		0.987286388874054	1.98587039093437	2.60056431555938	0.763630562433218	6.73809844678923E-5	99.9844861584822
517	2.02099810593816		2.67089061432765		0.987494111061096	2.01108824514268	2.63375120878431	0.763583226249742	1.49919575948153E-4	99.9654856994829
516	2.04169129433204		2.69766369771676		0.987728297710419	2.03178143353656	2.66082034142062	0.763592115524713	7.05379895755224E-5	99.9837593466083
515	2.06660617918121		2.73031858039878		0.987989187240601	2.05669631838574	2.69378581720086	0.763496602162257	1.60242158220674E-4	99.9631096856716
514	2.08298844992874		2.75136389281469		0.988263189792633	2.07307858913326	2.71533120197201	0.763471722207475	9.9190334100385E-5	99.9771631895298
513	2.1036646308764		2.77871396594759		0.988561034202576	2.09375477008092	2.7431867696044	0.763256367842158	1.3334796914844E-4	99.9693002087564
512	2.12372425909214		2.80492744240534		0.988881468772888	2.11381439829666	2.76999797391573	0.763110449250088	1.32919912667458E-4	99.9693987421933
511	2.14609996701055		2.83396087734793		0.989219486713409	2.13619010621507	2.79966524996808	0.763016259261504	1.80724251059115E-4	99.9583953604883
510	2.17333306016345		2.86871884840045		0.989577054977417	2.16342319936797	2.83507292171836	0.763092611408635	6.21921956307244E-5	99.9856807430475
509	2.19145243264964		2.8921969610996		0.989948749542236	2.18154257185416	2.85937993041208	0.76294253472632	1.57359879220616E-4	99.9637731123093
508	2.22502975185141		2.93568128709772		0.990337610244751	2.21511989105593	2.90356728385618	0.762896008427973	1.32725181148515E-4	99.9694435670715
507	2.25414089675462		2.97329350618571		0.990751147270203	2.24423103595914	2.94204408078918	0.762813531793563	1.48542720578902E-4	99.9658026232285
506	2.28025102848622		3.00730628681152		0.991183400154114	2.27034116769075	2.97704056300715	0.762616806738246	1.90706248951974E-4	99.9560979031942
505	2.31116054984709		3.0472663452456		0.991617441177368	2.30125068905161	3.01796930540675	0.762516267123352	1.8947977725314E-4	99.956380185156
504	2.34852167030327		3.0948879026725		0.992055416107178	2.33861180950779	3.06654549795782	0.762620939772523	6.6895020393801E-5	99.9845980385485
503	2.38057827417909		3.13659287076757		0.992499232292175	2.37066841338361	3.10930952832706	0.762442076540102	2.25892192228691E-4	99.9479999252827
502	2.42097168222081		3.18838336128329		0.99295300245285	2.41106182142533	3.16215662616965	0.762473876680128	1.89399718519321E-4	99.9563986113214
501	2.45176378414855		3.2271164421832		0.993394494056702	2.44185392335307	3.20203982896575	0.762593238617454	6.00026667450294E-5	99.9861848297838
500	2.50480888891706		3.29622830714142		0.993805527687073	2.49489902812158	3.27204848006495	0.762488405450539	2.38451038807326E-4	99.9451096895093
499	2.55460403031965		3.36002751342946		0.994185566902161	2.54469416952417	3.33672798775309	0.762631589648318	1.02659356565718E-4	99.9763646031916
498	2.63243886887583		3.46118951253696		0.994557678699493	2.62252900808035	3.43858832823761	0.762676062890168	1.3927554455373E-4	99.967935762405
497	2.71996410045969		3.57495428259019		0.994921982288361	2.71005423966421	3.5530349436903	0.762743480605754	1.38568072638072E-4	99.9680986117332
496	2.82689956145817		3.71413428691686		0.995278537273407	2.8169897006627	3.69283113306812	0.762826568330584	4.96585848840368E-5	99.9885663419632
495	2.92297067923835		3.83902995292171		0.99499124288559	2.91306081844288	3.81603526445511	0.763373663125419	1.49574473194302E-4	99.9655651349341
494	3.02493370373327		3.97082597290289		0.99477756023407	3.0150238429378	3.94632346232359	0.764008290684452	7.3701463945157E-5	99.9830310506679
493	3.07989910878708		4.04078263766242		0.994611084461212	3.0699892479916	4.01524272029303	0.764583728021194	1.89316124262817E-4	99.9564178512196
492	3.09967037335652		4.06449698082938		0.994498908519745	3.08976051256104	4.03837375466437	0.765100186428343	1.20687908984548E-4	99.9722144428879
491	3.10843139627073		4.07213759359182		0.99443906545639	3.09852153547525	4.0457288730277	0.765874736721152	5.16956149355079E-5	99.9880973531888
490	3.11942113011353		4.08419130448116		0.99444317817688	3.10951126931806	4.05773233559089	0.76631749266558	1.3507746422024E-4	99.9689021008481
489	3.15321801718552		4.12561066466722		0.994451105594635	3.14330815639004	4.0989542112073	0.766856128276734	1.72664061682737E-4	99.9602505327422
488	3.20733131042632		4.1933353103927		0.995079815387726	3.19742144963085	4.16893707141087	0.766963231840955	2.07081670353923E-4	99.9523290494911
487	3.30370370994358		4.31610374251933		0.995648920536041	3.29379384914811	4.29355562305419	0.767148288812686	1.29857938055158E-4	99.9701035746349
486	3.4057006943993		4.44767433525531		0.996206641197205	3.39579083360383	4.42703219065263	0.767058084821205	2.1608151799364E-4	99.9502577673323
485	3.54013710743634		4.61990117782885		0.996731162071228	3.53022724664086	4.6010269643733	0.767269410498165	1.04680221863672E-4	99.9758993928236
484	3.65413023442225		4.76552891162195		0.997203469276428	3.64422037362678	4.74842767072337	0.767458330700785	1.79790016788251E-4	99.9586103866121
483	3.74451540251812		4.8789848071647		0.99762898683548	3.73460554172265	4.86364076654246	0.767862126539736	1.02583387047926E-4	99.9763820916866
482	3.78602135938352		4.92819891829617		0.998053252696991	3.77611149858805	4.91482745113406	0.768310085375782	1.30048555903792E-4	99.9700596963848
481	3.79928018501414		4.9413744553529		0.99850869178772	3.78937032421866	4.93022611005733	0.768599703062016	1.9829534452531E-4	99.9543512317907
480	3.81764275818295		4.95978087617779		0.998985171318054	3.80773289738747	4.95096651188151	0.769088800792641	1.78135622871364E-4	99.9589911679456
479	3.90756325342912		5.07089287524552		0.999535739421844	3.89765339263364	5.06475553934776	0.769563972506279	1.47459882946997E-4	99.966051870853
478	4.03811916111057		5.23739275250991		1.00016474723816	4.02820930031509	5.23447009754383	0.769554362762574	1.49830096205049E-4	99.9655062958462
477	4.21695507348191		5.46645321302041		1.00086104869843	4.20704521268643	5.4673719590716	0.769482165138956	1.31021588466442E-4	99.9698357146893
476	4.46434862718087		5.78491693245102		1.00160253047943	4.4544387663854	5.79039649536572	0.769280440458689	1.6054471763627E-4	99.9630400445161
475	4.78267689739327		6.19351509976365		1.00243234634399	4.7727670365978	6.20478579003119	0.76920738251204	1.7631842059315E-4	99.9594094235166
474	5.10332030431517		6.60129219774363		1.00333368778229	5.09341044351969	6.61950134988187	0.769455307024084	1.10713882739745E-4	99.9745104355432
473	5.38341638473893		6.95399816557257		1.00434982776642	5.37350652394345	6.98044551890684	0.769794207173321	1.33750936196855E-4	99.9692074506928
472	5.63809402044004		7.27343092796805		1.00542318820953	5.62818415964456	7.30907070930781	0.77002732405876	1.32944337981996E-4	99.969393119778
471	5.85099237164012		7.53976815834914		1.0065370798111	5.84108251084464	7.58524660510261	0.770058353398205	1.1229874558494E-4	99.9741456010713
470	6.04519561793443		7.78124316959128		1.00769698619843	6.03528575713896	7.83732128131592	0.770069969126697	1.55764097058612E-4	99.964140422293
469	6.18450963104964		7.95094507321006		1.00889205932617	6.17459977025416	8.0178268157366	0.77010889760493	1.32763175414276E-4	99.9694348212421
468	6.25982514588541		8.04001692344008		1.01006615161896	6.24991528508993	8.11712597625144	0.769966525513529	1.11518562082602E-4	99.974325198677
467	6.27257141048292		8.04830914752804		1.01115047931671	6.26266154968744	8.13422457160567	0.769915004750257	8.9113996580958E-5	99.9794828490449
466	6.21660801959325		7.96895105458342		1.01216447353363	6.20669815879778	8.06205823032751	0.76986521077827	1.81567015596578E-4	99.9582013877057
465	6.1473448484833		7.87451107693344		1.01307439804077	6.13743498768782	7.97363120672684	0.769716435155675	2.12037215768043E-4	99.9511885434507
464	6.0992853027769		7.80697178276972		1.01387333869934	6.08937544198142	7.91144316023294	0.769692117942503	1.61379110737918E-4	99.9628479895986
463	6.00873983194729		7.68851658304773		1.01454770565033	5.99882997115181	7.796526920494	0.769423364060124	1.77510731087156E-4	99.9591349956936
462	5.94347177800887		7.60112887587739		1.01511299610138	5.93356191721339	7.71216262869796	0.769377177697711	1.59452339654826E-4	99.9632914811928
461	5.8908735970667		7.53224124187531		1.01557767391205	5.88096373627122	7.64573220277293	0.769182542665872	1.0477541763212E-4	99.975877478473
460	5.79099614385251		7.40312222383655		1.01598358154297	5.78108628305703	7.51760525826799	0.769006363655353	2.10306501694999E-4	99.9515868613675
459	5.68041167163813		7.26350491482412		1.01623845100403	5.67050181084265	7.37760664554553	0.768609941310222	1.79434701994712E-4	99.9586921670377
458	5.57941794645575		7.13518661699701		1.01637935638428	5.56950808566027	7.24820951020006	0.768397778488958	1.9463916783442E-4	99.9551927168259
457	5.47989220222452		7.01015451300443		1.01642441749573	5.46998234142905	7.12144517561972	0.768100042412113	1.60571226836336E-4	99.9630339428035
456	5.41808192415119		6.93386741614129		1.01638066768646	5.40817206335572	7.0436019178389	0.767813417969969	1.50928597372747E-4	99.9652534441727
455	5.35126966855879		6.85427601020932		1.01623702049255	5.34135980776331	6.96172269770754	0.767246849622751	1.80639474856441E-4	99.9584148728108
454	5.28448232751706		6.77531604958733		1.01600134372711	5.27457246672159	6.87988477002309	0.766665815349678	1.94677916460945E-4	99.9551837986232
453	5.17451868049552		6.64127227570888		1.01566588878632	5.16460881970004	6.7414695377021	0.766095402614613	1.58280118155458E-4	99.9635612964506
452	5.04266610533878		6.47888271336948		1.01526415348053	5.0327562445433	6.5739347231299	0.76556224795417	2.40939630219744E-4	99.9445369863333
451	4.87273202398656		6.26671099790868		1.01477611064911	4.86282216319108	6.35546780984326	0.765139924972889	1.58484727637899E-4	99.9635142005546
450	4.64889103367004		5.98529945118158		1.01419520378113	4.63898117287456	6.06642339206695	0.764697890843054	2.11258838851565E-4	99.9513676840359
449	4.43755466976841		5.71956556552465		1.0135600566864	4.42764480897293	5.79328699825342	0.764271614768575	1.61471477077369E-4	99.9628267293668
448	4.19225347445952		5.41224457065889		1.01285493373871	4.18234361366404	5.47798508423498	0.763482110548339	2.56640988172517E-4	99.9409236855685
447	4.00631254502672		5.17842397833148		1.01211142539978	3.99640268423124	5.23731135636397	0.763063795963769	1.44317771939243E-4	99.9667751256521
446	3.82475165708033		4.95324349827422		1.01131975650787	3.81484179628485	5.00548528729909	0.76213225637974	2.27353829153405E-4	99.9476635465178
445	3.7058306370477		4.80664425569594		1.01049888134003	3.69592077625222	4.85328402899229	0.761529874240561	1.48510805479474E-4	99.965809969439
444	3.64074942392885		4.72954823549619		1.00964379310608	3.63083956313337	4.77133764218075	0.760968901264737	1.70694601202862E-4	99.9607038385464
443	3.59509549344721		4.67573485680497		1.00880837440491	3.58518563265173	4.71310226401537	0.760684880534992	1.80309074629639E-4	99.9584909186665
442	3.55884928997876		4.63226173686149		1.00797557830811	3.54893942918328	4.66539163909219	0.760694857736284	1.5484158580384E-4	99.9643527624133
441	3.53050153618578		4.59893135369389		1.00718784332275	3.5205916753903	4.62817566920141	0.760686699689983	1.2924371988955E-4	99.9702449614119
440	3.5162522320435		4.58354306029835		1.00642335414886	3.50634237124802	4.60917559161409	0.760730916311247	1.93597988169977E-4	99.9554323501694
439	3.49454053779432		4.55689161997515		1.00571870803833	3.48463067699884	4.57914463069412	0.760978514118395	1.92433514423443E-4	99.9557003610185
438	3.4955154523412		4.55843917856272		1.00510931015015	3.48560559154573	4.5779254426049	0.76139413698323	1.75670431816401E-4	99.9595585679945
437	3.49805170721388		4.5605261780661		1.00464129447937	3.4881418464184	4.57789047889964	0.761953974761062	1.868273821172E-4	99.956990657168
436	3.52251315731145		4.58957499386799		1.00431418418884	3.51260329651597	4.60557405967266	0.762685226858698	2.18729865299725E-4	99.9496482680182
435	3.55602769575175		4.62923706646342		1.00416374206543	3.54611783495627	4.6447113789055	0.76347431426232	1.06602450505429E-4	99.9754568909729
434	3.59287377714749		4.67303637048762		1.00418722629547	3.58296391635201	4.68880270571049	0.764153269231892	1.86519496076037E-4	99.9570615200833
433	3.66828880370162		4.76477653125386		1.00440275669098	3.65837894290614	4.78195314170441	0.765038643101844	1.47535757544294E-4	99.9660344060139
432	3.73373481174089		4.84392874041024		1.00481104850769	3.72382495094541	4.86343002991022	0.765678734564657	2.15284889717138E-4	99.9504411066974
431	3.79794458931635		4.92088153551291		1.00536251068115	3.78803472852087	4.94346464145313	0.766271229444331	1.73862058931287E-4	99.9599747937105
430	3.86291508466221		4.99884921098262		1.00603294372559	3.85300522386673	5.02519927560363	0.766736802373654	1.82171671717164E-4	99.9580622187807
429	3.91902963521924		5.06658789479398		1.0067173242569	3.90911977442376	5.09681150690143	0.766973581253798	2.0602185429423E-4	99.9525729651225
428	3.95351787971034		5.10711670322578		1.00732290744781	3.94360801891486	5.14070305245261	0.767133985113841	2.01652573023327E-4	99.9535785572267
427	3.97668984006696		5.13437638329264		1.00784730911255	3.96677997927149	5.17085284336041	0.76714230697263	1.61998717934676E-4	99.9627053728756
426	3.98582835321404		5.14497231830889		1.00823533535004	3.97591849241856	5.18352684357298	0.767029594406032	1.66569077795284E-4	99.9616534066377
425	3.97491484007406		5.13210183496188		1.00844466686249	3.96500497927858	5.17162388582455	0.76668471389551	1.88001951544471E-4	99.956720319249
424	3.9375398402234		5.08807294109485		1.00845658779144	3.92762997942792	5.12728379205327	0.7660254705455	1.48319392762797E-4	99.9658540287864
423	3.8895161343606		5.03213567325195		1.00823640823364	3.87960627356513	5.06976634573936	0.765243604732505	1.95292607639817E-4	99.9550423242807
422	3.80567199407063		4.93129510969005		1.00780355930328	3.79576213327515	4.96596235059607	0.76435580161407	2.0335563489403E-4	99.9531865955468
421	3.72194965553798		4.83025232444926		1.00717306137085	3.7120397947425	4.86108799424218	0.763623246306035	1.61266765380298E-4	99.9628738484659
420	3.61281590353265		4.69836780349187		1.00632703304291	3.60290604273717	4.72428570737875	0.762635087270415	1.74152121309824E-4	99.9599080311344
419	3.67436463375546		4.7880843314537		1.00541400909424	3.66445477295999	4.81020169479834	0.761808964668292	1.91965156432375E-4	99.9558081567152
418	3.53548859671273		4.62050615829518		1.00442969799042	3.52557873591725	4.63717196186632	0.760286391125834	2.46534361311676E-4	99.9432494746789
417	3.41016861430333		4.46940172774662		1.00336182117462	3.40025875350785	4.48062945562272	0.758879703663262	2.04508707644546E-4	99.9529212153783
416	3.29755475977284		4.33524048560692		1.00222516059875	3.28764489897736	4.34109379255242	0.757330999071627	1.94472146513952E-4	99.9552311576816
415	3.20263162782792		4.22218656760163		1.00108110904694	3.19272176703244	4.22296224242339	0.756038435522516	2.5798974292775E-4	99.9406133072599
414	3.13881798062196		4.14693356497264		1	3.12890811982649	4.14314868756352	0.755200538474161	2.42697879747074E-4	99.9441323597803
413	3.07738834219555		4.07406365559584		0.998973429203033	3.06747848140007	4.06610034885753	0.754403044249008	1.8694539584602E-4	99.9569634951937
412	3.00048397238566		3.98180938350354		0.997905433177948	2.99057411159018	3.96969226794665	0.753351622678067	2.12229981368399E-4	99.9511441792061
411	2.93102393848352		3.90050459867217		0.996788322925568	2.92111407768804	3.88420471586878	0.752049464785914	2.37775483486372E-4	99.9452651566081
410	2.85180963215942		3.8039413910502		0.99567312002182	2.84189977136394	3.78371369250826	0.75108742423902	1.55526367270537E-4	99.9641951419853
409	2.78638940537004		3.72537140845399		0.994610667228699	2.77647954457457	3.70152966279188	0.750089773015733	2.57413292818037E-4	99.9407459610654
408	2.73926821415208		3.66892065184362		0.993608474731445	2.7293583533566	3.64170996651952	0.749471643389855	1.70134067242431E-4	99.9608328556251
407	2.70094495991068		3.62248678972448		0.992691278457642	2.6910350991152	3.59225382769345	0.749121645683677	2.09504768919608E-4	99.9517713779581
406	2.67594423979574		3.59416808866576		0.991901516914368	2.66603437900026	3.56130655354934	0.748611314109756	1.98662474224688E-4	99.9542667356781
405	2.65346439369415		3.56752524209253		0.991254270076752	2.64355453289868	3.53257285393731	0.748336875756785	2.16052681599972E-4	99.9502644038547
404	2.64624911051986		3.56072732952204		0.990834653377533	2.63633924972438	3.52434184162314	0.748037326739627	2.18786562328171E-4	99.9496352196192
403	2.65813476721065		3.57874434605161		0.990659058094025	2.64822490641517	3.54156597992968	0.747755349306735	2.17177916874382E-4	99.9500054380557
402	2.66846685945452		3.59379141630398		0.99070817232132	2.65855699865904	3.55664881677012	0.747489318069178	2.25159774195613E-4	99.9481684832135
401	2.69348924704985		3.62750062027085		0.991027057170868	2.68357938625437	3.59120034867201	0.747265294526587	1.76930333829318E-4	99.9592685825776
400	2.70587397600427		3.64363372567513		0.991591811180115	2.69596411520879	3.60924431187395	0.746960826769031	2.0033828017096E-4	99.9538810443135
399	2.72781681038924		3.67181578122659		0.992447733879089	2.71790694959377	3.64032895829212	0.746610259878517	1.89442439432066E-4	99.9563887787572
398	2.73589077275933		3.68033702142691		0.99357545375824	2.72598091196385	3.65293196475831	0.746244643552842	2.30657816268699E-4	99.9469031764229
397	2.74710291871062		3.69165079091295		0.99498325586319	2.73719305791514	3.66936483380492	0.745958273949234	1.79197989295349E-4	99.9587466496509
396	2.74260528689265		3.68150528314099		0.996666491031647	2.73269542609718	3.66546069177627	0.745525775853544	2.05151197401984E-4	99.9527733464016
395	2.73852442753396		3.67098947507754		0.998634338378906	2.72861456673848	3.66219643709269	0.745075971103463	2.00625265119295E-4	99.9538149940847
394	2.73392309698594		3.6597514502201		1.00088000297546	2.72401323619046	3.65918383427326	0.744431916941793	2.20232931185441E-4	99.9493023491708
393	2.73328337530881		3.65365730961946		1.00338685512543	2.72337351451333	3.66223402136453	0.74363721668956	2.02280227506198E-4	99.9534341016351
392	2.73183079963102		3.64618887703211		1.00611889362335	2.72192093883554	3.66469148222996	0.742742179535194	2.03681930686937E-4	99.9531114983641
391	2.738936414837		3.6494226294606		1.00907671451569	2.72902655404152	3.67872816515446	0.741839687936534	1.8628242357376E-4	99.9571160846199
390	2.7476091687086		3.65411586674653		1.01226460933685	2.73769930791312	3.69510087287185	0.740899748640791	1.78160681853706E-4	99.9589854002681
389	2.75878606075378		3.66268969483727		1.01579105854034	2.7488761999583	3.71668279759371	0.73960473617442	1.82201200271021E-4	99.9580554224316
388	2.77329675405517		3.67500441646775		1.0196373462677	2.76338689325969	3.74331254837188	0.738219653729317	2.29818175746472E-4	99.9470964083303
387	2.79478075055136		3.6962420384532		1.02374601364136	2.78487088975588	3.78013829916037	0.736711376505576	1.84256698624609E-4	99.9575823260864
386	2.80914409277912		3.70890350080495		1.02809154987335	2.79923423198364	3.80920114799165	0.734861227651237	1.83271490839464E-4	99.957809082594
385	2.83585366298489		3.73828178437897		1.03263711929321	2.82594380218942	3.85638012802276	0.732797003504509	2.18976226545401E-4	99.949591569824
384	2.85162227864454		3.75281932094197		1.03739488124847	2.84171241784906	3.88922914134521	0.73066212212587	1.98618197241468E-4	99.9542769261682
383	2.87753238596289		3.78061962600667		1.04228162765503	2.86762252516741	3.93652546915233	0.728465380864132	2.26605840817426E-4	99.9478356872058
382	2.88414668037005		3.78363029493995		1.04716074466705	2.87423681957457	3.95810574214794	0.726164738088785	2.26921899447771E-4	99.9477629500059
381	2.89754992738681		3.79554771432593		1.05201208591461	2.88764006659133	3.98898033135836	0.723904313062382	2.28002855394147E-4	99.9475141810283
380	2.90171744446		3.79614960641337		1.05682492256165	2.89180758366452	4.00786556105543	0.721533080291992	2.6029943520021E-4	99.9400817982077
379	2.901138025517		3.79110881053507		1.061567902565	2.89122816472152	4.02050152402275	0.719121270678857	2.50053847903912E-4	99.9424395461261
378	2.90069810852657		3.78598256543837		1.06622624397278	2.89078824773109	4.03267843486995	0.716840753464221	2.14495882753779E-4	99.9506226923932
377	2.90208236145073		3.78342286085875		1.07074952125549	2.89217250065525	4.04704556129777	0.714637988836432	2.3803275936751E-4	99.9452059490897
376	2.90507452452471		3.7833527314645		1.07512474060059	2.89516466372923	4.06350690867361	0.712479326059337	2.06215883851477E-4	99.9525283093648
375	2.90029810852817		3.7735040010351		1.07931578159332	2.89038824773269	4.06871734230368	0.710392982496094	2.58729713799704E-4	99.9404430240008
374	2.90872887021323		3.78144602981196		1.08323669433594	2.89881900941775	4.09210117905015	0.708393776834869	2.50983770489114E-4	99.9422255470169
373	2.90830007382822		3.77785339066616		1.08680582046509	2.89839021303275	4.10167962704178	0.70663495849946	2.48246536879216E-4	99.9428554561967
372	2.91978623100889		3.78984878856745		1.08998930454254	2.90987637021341	4.12676916947709	0.705122155059168	1.9925901353898E-4	99.9541294403376
371	2.92216552787438		3.79094101268418		1.09271693229675	2.91225566707891	4.13828963426659	0.703734132807993	2.97494131747133E-4	99.9315229009728
370	2.93049467823173		3.79923395698698		1.09493815898895	2.92058481743625	4.1557820277293	0.702776227903378	2.24170552262341E-4	99.9483961421804
369	2.94262010542937		3.81284905703023		1.09609699249268	2.93271024463389	4.17510379149429	0.702428105047004	2.36440851540768E-4	99.9455722992365
368	2.95020116008658		3.82076392516267		1.09620356559753	2.9402912992911	4.18418604195852	0.702715240146161	2.54571128381762E-4	99.9414000079741
367	2.96527838170602		3.83834733573694		1.09532988071442	2.95536852091054	4.20011084007219	0.703640602222713	2.92278097306204E-4	99.9327231220603
366	2.98266168241781		3.85906110518542		1.09350752830505	2.97275182162233	4.2157735787689	0.705149782377649	2.43604442091018E-4	99.9439237329243
365	2.99809101585225		3.87754093909595		1.09079897403717	2.98818115505677	4.22548913775827	0.707179940034606	3.09825790348539E-4	99.9286854163172
364	3.01312705094842		3.89508188140868		1.08727586269379	3.00321719015294	4.23091330702137	0.709827163125509	2.61812468630429E-4	99.9397336187403
363	3.02908089609952		3.91426508445702		1.08299589157104	3.01917103530404	4.23503399830277	0.712903612229323	2.85492649141088E-4	99.9342844902984
362	3.06002985837819		3.9520516321576		1.07849431037903	3.05011999758272	4.25818323085491	0.716296089722364	2.79964277659456E-4	99.9355566164428
361	3.08036036366805		3.97681916135551		1.07380759716034	3.07045050287257	4.26627439788012	0.719703004663332	2.75082109031787E-4	99.9366800591805
360	3.10264606914541		4.00383844835692		1.06893277168274	3.09273620834993	4.27578835047267	0.723313680390199	2.99086734657388E-4	99.9311564423853
359	3.12974724091212		4.03631602391074		1.06376707553864	3.11983738011664	4.28967386473249	0.727290110739268	2.34809246750808E-4	99.9459477863486
358	3.14728389855689		4.05714132900331		1.05833911895752	3.13737403776141	4.28982569580097	0.731352334625712	2.40293220204617E-4	99.9446857452986
357	3.17539937696017		4.09128551832		1.05269610881805	3.16548951616469	4.30289601947819	0.735664887516517	2.74205628603625E-4	99.9368817486704
356	3.18829298042427		4.10631089667793		1.04688131809235	3.17838311962879	4.29485784656028	0.740043846194895	2.53154539758942E-4	99.9417259989479
355	3.20999443297428		4.13213538387943		1.0409619808197	3.2000845721788	4.29745592073335	0.744646281708157	3.16920474694284E-4	99.9270529832128
354	3.23201887136283		4.15849532029754		1.03497338294983	3.22210901056736	4.30001472225321	0.749325111351937	2.71633179392155E-4	99.9374737048769
353	3.24729890059865		4.17577041788476		1.02894842624664	3.23738903980317	4.29275795619616	0.754151310844426	2.63724100756444E-4	99.9392937154191
352	3.2637131705526		4.19457139437213		1.02306663990021	3.25380330975712	4.28745388044845	0.758912725474446	2.67119019340862E-4	99.9385124841266
351	3.27706352450316		4.20974915310055		1.01734268665314	3.26715366370768	4.27890699619904	0.763548650767567	2.69429374007618E-4	99.9379808338197
350	3.29717602442279		4.23389672380484		1.01178658008575	3.28726616362731	4.27997039844496	0.76805815405211	2.85829805445911E-4	99.9342069082373
349	3.3051727284924		4.24203965590121		1.00650131702423	3.29526286769692	4.26580901643653	0.772482512695714	2.36864134696081E-4	99.9454748877833
348	3.31615549212039		4.25436454598868		1.00149571895599	3.30624563132491	4.25693734116382	0.776672374139528	2.82129551054329E-4	99.9350583663578
347	3.32877541394496		4.26847072269013		0.99670946598053	3.31886555314949	4.25065275142476	0.780789621555665	2.63397888706971E-4	99.9393687829491
346	3.33689804574845		4.27688583496119		0.99214780330658	3.32698818495297	4.23954772834253	0.784750732421561	3.43429001548436E-4	99.9209538080288
345	3.34927289921462		4.29048539545372		0.987797260284424	3.33936303841914	4.23439102738428	0.788628876460183	2.34035900503639E-4	99.9461257598106
344	3.3534477649206		4.29391530266658		0.983641147613525	3.34353790412512	4.21994881491195	0.79231717036712	2.91969066343277E-4	99.9327942312222
343	3.36597846555412		4.3084393870812		0.979665756225586	3.35606860475864	4.21712261550778	0.795819545871692	2.72070748515342E-4	99.9373730139114
342	3.36989344356582		4.31186164048549		0.975760638713837	3.35998358277034	4.20365173396764	0.799301130400496	2.585992680861E-4	99.9404730423522
341	3.37958205436695		4.32302078350731		0.971918165683746	3.36967219357147	4.19794383901033	0.80269587274085	2.83356695269523E-4	99.9347759898584
340	3.3745117785083		4.31568533431787		0.968130171298981	3.36460191771283	4.17448092797123	0.80599288289191	3.02700637477106E-4	99.9303248868383
339	3.38719008656311		4.33088888650322		0.964619815349579	3.37728022576764	4.17401027025077	0.809121206490163	2.66705648161727E-4	99.9386076078781
338	3.38006830924782		4.32243107403701		0.961340546607971	3.37015844845234	4.1516896952727	0.811755862267298	2.96395090088843E-4	99.931775791696
337	3.37406251093197		4.31526283676097		0.958259046077728	3.3641526501365	4.13151275651365	0.814266552809899	2.79391040654395E-4	99.9356885241675
336	3.35472224001316		4.29210900384567		0.955322027206421	3.34481237921768	4.09673049778557	0.816458974058867	2.83919515884853E-4	99.934646480233
335	3.34718039434017		4.28457414059453		0.952541172504425	3.33727053354469	4.07762802399899	0.818434274510352	3.0471891552086E-4	99.9298604860218
334	3.32121745499079		4.25460376717913		0.949889779090881	3.31130759419531	4.03780941615898	0.820075256881548	2.71994244763991E-4	99.9373906185205
333	3.30198256737234		4.23358125749751		0.94739955663681	3.29207270657686	4.00730721515973	0.82151742549782	3.10592385576669E-4	99.9285090272794
332	3.25289460370129		4.17639455118304		0.944806516170502	3.24298474290582	3.94230880921768	0.822610530997282	2.62401007705111E-4	99.9395981843728
331	3.21400759213793		4.13305100887577		0.942112147808075	3.20409773134245	3.89023178398719	0.823626433913533	3.12284521674965E-4	99.9281196778517
330	3.16253132281237		4.07491729328775		0.939315378665924	3.15262146201689	3.82407728682015	0.824413636430031	3.00389364679348E-4	99.9308567076783
329	3.10802119119424		4.01285496443417		0.936610460281372	3.09811133039876	3.75493697950882	0.825076784858325	3.10554378090159E-4	99.9285177725704
328	3.05515384521408		3.95285240119737		0.933943271636963	3.04524398441861	3.68820504308208	0.825671010382281	2.74150750247226E-4	99.936894376904
327	3.01755522475885		3.91140042382394		0.931326270103455	3.00764536396337	3.63926501184079	0.826443074131077	3.05314501129642E-4	99.9297234436497
326	2.96348844030692		3.84950282885643		0.92875337600708	2.95357857951144	3.57172353057772	0.826933706997671	2.93102457630563E-4	99.9325334339632
325	2.9251155278626		3.80807281193213		0.926237106323242	2.91520566706712	3.52367264809302	0.827320230397907	2.9086839741622E-4	99.9330474996043
324	2.86947312085837		3.74261955291632		0.923812508583069	2.85956326006289	3.45398224075768	0.827903289808349	3.35376108447212E-4	99.9228066066558
323	2.83287502530148		3.70181144761064		0.921528518199921	2.82296516450601	3.40783694550174	0.828374482010429	3.05576246608117E-4	99.9296632168993
322	2.78494565537581		3.64569515144815		0.919212281703949	2.77503579458034	3.34768865276047	0.828940825274199	3.07436345573663E-4	99.9292352154559
321	2.74633889283477		3.60082363063135		0.916910946369171	2.73642903203929	3.29816420734358	0.829682471826735	3.20827003420601E-4	99.9261541319412
320	2.72361297739823		3.5750809305389		0.914670467376709	2.71370311660275	3.26655903005682	0.830752817148861	3.07546629192187E-4	99.9292098396873
319	2.69068646385792		3.53680445364106		0.912529110908508	2.68077660306244	3.22398321272129	0.831510720181343	3.38670451737349E-4	99.9220486445064
318	2.67085698395669		3.51528816954735		0.910539090633392	2.66094712316121	3.19736101437971	0.832232303826171	3.19277749132928E-4	99.9265105981302
317	2.63899664472853		3.477937937763		0.908678650856018	2.62908678393305	3.15688871574968	0.832809459141392	3.06968316157623E-4	99.9293429070079
316	2.61383613457516		3.44951203455627		0.906927943229675	2.60392627377968	3.12502624356211	0.833249410031052	3.08841139981039E-4	99.9289119790125
315	2.58131726263478		3.41119307718986		0.905307412147522	2.57140740183931	3.08475189947375	0.833586455454645	3.02673063878611E-4	99.9303312314705
314	2.56532074170261		3.39381596544289		0.903821349143982	2.55541088090713	3.06398247162672	0.834016155304707	2.94026760817529E-4	99.9323207491037
313	2.53340394495514		3.35559537233389		0.902508914470673	2.52349408415966	3.02503885128597	0.834202206390477	2.9468189390689E-4	99.932170001343
312	2.51969869598647		3.34166956672547		0.901354432106018	2.50978883519099	3.00861715857412	0.834200133452826	3.33330291580591E-4	99.9232773108741
311	2.47946277085427		3.29270251369848		0.900331139564514	2.4695529100588	2.96111496341423	0.833994269243551	3.49603832487301E-4	99.9195331346459
310	2.45373901607425		3.26322164223425		0.899488806724548	2.44382915527877	2.93182688618668	0.833551655724589	2.87522647652378E-4	99.9338173741293
309	2.41843668467234		3.22192591486019		0.898925364017487	2.40852682387686	2.89286860355032	0.832573875260342	3.34342034017749E-4	99.9230445275748
308	2.39425665547209		3.19535410100153		0.898677170276642	2.38434679467661	2.86819039860005	0.8313070135931	3.57397820579749E-4	99.9177399627409
307	2.36106037874926		3.15601269490873		0.898729979991913	2.35115051795378	2.83300164335138	0.829914985567191	3.45737522508945E-4	99.9204226730207
306	2.34275383585366		3.13606263395329		0.899035274982452	2.33284397505818	2.81602819417611	0.828416412833789	3.40844002095865E-4	99.9215485574221
305	2.31029946586616		3.09733935529942		0.899677276611328	2.30038960507068	2.78320066771713	0.826526679068933	3.78213251822412E-4	99.9129510900033
304	2.28306268618983		3.06577523189039		0.900652170181274	2.27315282539435	2.75778825783769	0.824266627045788	2.83460682107554E-4	99.9347520616241
303	2.24219161701721		3.01790068374185		0.901984810829163	2.23228175622173	2.71868667539222	0.821088276345668	3.30270981948443E-4	99.9239812049694
302	2.20207005956034		2.97105325961263		0.903549313545227	2.19216019876486	2.68107330984444	0.81764276669184	3.38745808822293E-4	99.9220313064236
301	2.15887867789698		2.91971450249355		0.905354738235474	2.14896881710151	2.63995070243138	0.814018540241041	3.63221789819542E-4	99.916400056372
300	2.11386400522529		2.86594410475919		0.907451450824738	2.10395414442981	2.59727054335023	0.810063529891619	3.39349819286961E-4	99.9218923364088
299	2.07684316797088		2.82272276704127		0.910263776779175	2.0669333071754	2.56597704992248	0.805515118398211	3.62628574974273E-4	99.9165365350397
298	2.03212660320815		2.76885045280341		0.913794457912445	2.02221674241267	2.52670159855979	0.800338569289435	3.46773689726776E-4	99.9201842768467
297	1.98542633484007		2.71313036025262		0.917980194091797	1.97551647404459	2.48712549220241	0.794297063110885	3.22679330048603E-4	99.9257279338449
296	1.94081558062379		2.65995977941039		0.922788560390472	1.93090571982831	2.45108781396306	0.787775007010587	3.72495457674149E-4	99.9142665233591
295	1.89241210181329		2.60160703306152		0.928298592567444	1.88250224101782	2.41155465083265	0.780617698366419	3.43724364385125E-4	99.9208858520046
294	1.83989464596846		2.53862656456318		0.934404373168945	1.82998478517298	2.3685671577677	0.772612581058364	3.61047748843802E-4	99.916900230564
293	1.7846911549781		2.47197412342326		0.941053092479706	1.77478129418262	2.32269712278676	0.764103626241741	4.03726072231744E-4	99.9070818321321
292	1.73625721962476		2.4131856226816		0.947771847248077	1.72634735882928	2.2835621951078	0.755988762875707	3.63895767022039E-4	99.9162449972443
291	1.68508679746594		2.35119258093713		0.954483270645142	1.67517693667047	2.24056138240102	0.747659470447233	4.03636168852122E-4	99.9071025139174
290	1.62613792074837		2.27893968815943		0.961205065250397	1.61622805995289	2.18689032832201	0.739053092430572	4.01172908648382E-4	99.9076691752448
289	1.57088015729729		2.21229236176558		0.967701375484467	1.56097029650181	2.13717573037949	0.730389305059456	3.51849100870246E-4	99.9190165598378
288	1.49721730358773		2.12217041388351		0.973872363567352	1.48730744279225	2.06303712935321	0.720931010707763	3.96713687758201E-4	99.9086950060376
287	1.43420564612467		2.04602576086745		0.979641914367676	1.42429578532919	2.00066476867106	0.711911264511984	3.98401491108536E-4	99.9083067305482
286	1.37768390562786		1.97780511905021		0.985037505626678	1.36777404483238	1.94448397488271	0.70341235129741	4.06274082293635E-4	99.9064956780048
285	1.31909071738542		1.90643146210884		0.990005016326904	1.30918085658995	1.88362966314998	0.695030919400905	3.63971134625753E-4	99.9162276577486
284	1.26720501202634		1.8435707934147		0.994526863098145	1.25729515123086	1.82971651581718	0.687152977175447	3.92792994775619E-4	99.9095969587537
283	1.21746746339696		1.78323495381204		0.998537302017212	1.20755760260148	1.7768472783657	0.679606861717548	3.84318595104941E-4	99.911546516373
282	1.1613257888166		1.71455397264117		1.00214016437531	1.15141592802112	1.71443042230404	0.671602599348258	3.94124580300864E-4	99.909290627509
281	1.10943986373096		1.65131576488604		1.00528156757355	1.09953000293548	1.65623243318864	0.66387421288365	4.58698388687869E-4	99.8944365502554
280	1.05725392643948		1.58807320990193		1.00794303417206	1.04734406564401	1.5968723888562	0.655872111605734	6.35031116783734E-4	99.8538855329741
279	1.00884993493368		1.52797351684374		1.00999760627747	0.998940074138201	1.53942687734428	0.648903880294406	4.18035706426179E-4	99.9037900328998
278	0.9717615653309		1.48314657915665		1.01076138019562	0.961851704535422	1.49528167546687	0.643257869280785	4.0259230767681E-4	99.9073426488376
277	0.937717633887343		1.44188523288597		1.01021814346313	0.927807773091865	1.4527950712235	0.63863637168764	4.02425030435997E-4	99.9073811301643
276	0.903927469837791		1.40065608113421		1.00850391387939	0.894017609042314	1.40875007614218	0.634617611869491	4.15626990109499E-4	99.9043441282579
275	0.875305318768077		1.36633457095641		1.00567150115967	0.8653954579726	1.37027739571435	0.631547641871047	4.24890443809894E-4	99.9022132022734
274	0.848763177150502		1.33479970474941		1.00166654586792	0.838853316355024	1.33323302460094	0.6291873220033	4.37080109562315E-4	99.8994092120141
273	0.826852192435808		1.30863118983933		0.996584177017212	0.81694233164033	1.30038918840721	0.62822910165915	3.86447362338211E-4	99.911056784373
272	0.808350242436496		1.28740281162825		0.990479826927185	0.798440381641018	1.271397669326	0.628002080626977	4.11581439975549E-4	99.9052747638798
271	0.793765626405906		1.27162760569764		0.984030902385712	0.783855765610428	1.24759642400091	0.628292731953081	4.70557056732177E-4	99.8917089107419
270	0.780198513728184		1.25589436906617		0.977289319038391	0.770288652932706	1.22367323246302	0.62948884759231	4.54895695903746E-4	99.8953112321405
269	0.765411260979653		1.23947394371674		0.969450056552887	0.755501400184176	1.19793883521371	0.630667758633433	4.62561485141279E-4	99.8935479823751
268	0.753894891396764		1.22784025235698		0.960526764392853	0.743985030601287	1.17573794873635	0.632781336522226	4.64991118948083E-4	99.892989135619
267	0.740387843416068		1.21216301700702		0.95069831609726	0.73047798262059	1.14880306252447	0.635860058568596	4.49594272211355E-4	99.8965306595662
266	0.727951968526794		1.19858434884839		0.940096080303192	0.718042107731317	1.12322629984839	0.639267534804197	4.55927728839832E-4	99.8950738468336
265	0.716488057134614		1.18574016860186		0.928679645061493	0.706578196339136	1.09765782030343	0.643714446587565	4.4002798363943E-4	99.8987311240081
264	0.701288672124547		1.16741070700518		0.916590332984924	0.691378811329069	1.06656818661931	0.648227483252171	5.18825718418961E-4	99.8806072933634
263	0.686778091738192		1.14985034788345		0.903754353523254	0.676868230942715	1.03576165836386	0.653498056697648	4.42046585763724E-4	99.8982667954692
262	0.67281118505572		1.13238695073644		0.890914976596832	0.662901324260242	1.00548848974554	0.659282857059856	4.16243458316997E-4	99.9042023170888
261	0.657473669858216		1.11322977307861		0.878135800361633	0.647563809062739	0.974243281415858	0.664683884831765	5.10968408229519E-4	99.8824143621737
260	0.640906885256445		1.09132668326134		0.865367650985718	0.630997024460968	0.941123497879108	0.670472075007124	4.67441060448774E-4	99.8924256210002
259	0.622342868606991		1.06670953400668		0.85245943069458	0.612433007811513	0.906100147634393	0.675899909530339	4.72397479355128E-4	99.8912855975775
258	0.602779855989848		1.04059632762909		0.839563012123108	0.592869995194371	0.87046854415041	0.681092957555428	5.02864840623175E-4	99.8842781009101
257	0.582689633902156		1.01268931937879		0.826433718204498	0.572779773106678	0.833792649290029	0.686957091303693	5.26775601675661E-4	99.8787789673469
256	0.565349628478279		0.988995188003737		0.81306129693985	0.555439767682801	0.801036372890574	0.693401431546077	4.64892508948223E-4	99.8930118171155
255	0.5471672234606		0.963020641293561		0.799651682376862	0.537257362665123	0.76705449238625	0.700416160778558	4.92299884346672E-4	99.8867079864154
254	0.528858811363347		0.937654654761618		0.786224722862244	0.518948950567869	0.734231506888395	0.706791993668491	4.77571056043007E-4	99.8900956396806
253	0.507315362047575		0.906420359232127		0.772798895835876	0.497405501252097	0.697555703695107	0.713069219586666	5.00101071040316E-4	99.8849137479641
252	0.490330182977261		0.882638340284186		0.759391844272614	0.480420322181783	0.667394152018072	0.719844968268128	4.74056982189123E-4	99.8909038990717
251	0.468401015889592		0.85048606685309		0.746072351932526	0.458491155094115	0.631700347792532	0.725804816629127	5.36594465162367E-4	99.8765208566624
250	0.448841338843726		0.821591644055949		0.732924580574036	0.438931478048248	0.599390681435238	0.732296132794772	4.66670548038396E-4	99.8926028473412
249	0.428147979551412		0.791003411756299		0.720633029937744	0.418238118755935	0.56729567762976	0.737248907841836	5.28256427752678E-4	99.8784384084533
248	0.408346432389324		0.761099034129209		0.708929538726807	0.398436571593847	0.536882375794855	0.7421301006649	4.99434693010838E-4	99.885067010706
247	0.38910960385291		0.731299165473869		0.697923898696899	0.379199743057432	0.507749608283851	0.746824294634306	4.74959104582294E-4	99.8906964045457
246	0.36997898411734		0.701566751347068		0.6875981092453	0.360069123321863	0.479793497185378	0.750466868421817	5.07215097341708E-4	99.8832775814614
245	0.351374121215607		0.671779088197051		0.678074300289154	0.34146426042013	0.452949707077234	0.753867935191986	4.60715539020843E-4	99.8939725756106
244	0.330185701195292		0.637428453568684		0.669374763965607	0.320275840399814	0.424145019230134	0.755109280738808	4.50719640141418E-4	99.8962718024751
243	0.310653206156152		0.605004712548341		0.661558091640472	0.300743345360674	0.397741846791105	0.756126989872971	4.55909569414775E-4	99.8950780238085
242	0.291552157953667		0.572684877777582		0.653966724872589	0.28164229715819	0.37204167002098	0.757018151064389	5.08803634761824E-4	99.8829122348118
241	0.274785394715		0.543487569544639		0.646870613098145	0.264875533919523	0.349117811352425	0.75869957162437	5.54080895534425E-4	99.8724995099937
240	0.259804884826129		0.516747359690551		0.640305876731873	0.249895024030651	0.328452891947771	0.760824550969057	4.56749981660225E-4	99.8948847149614
239	0.24396736047535		0.487956248050223		0.63483726978302	0.234057499679872	0.307370031044903	0.761484452092467	4.32308508928456E-4	99.9005068145001
238	0.228043930668371		0.458499267271931		0.630380034446716	0.218134069872894	0.286642872745139	0.760995966108817	5.56674821783415E-4	99.8719029997105
237	0.210188500136691		0.424693437023712		0.626808166503906	0.200278639341213	0.263828922517825	0.759123137182513	3.88134001959894E-4	99.9106687674241
236	0.193827579486734		0.393198693802391		0.624054491519928	0.183917718691256	0.243015441180139	0.756814948869541	5.0507986091452E-4	99.8837686651521
235	0.17744666219379		0.361092633139665		0.622274458408356	0.167536801398313	0.222343490182332	0.753504414547621	3.92338864795862E-4	99.9097014315685
234	0.161406408046458		0.329284018154461		0.621340751647949	0.151496547250981	0.202245880771474	0.749071114195709	3.30006647729047E-4	99.9240420239223
233	0.149807534191438		0.306110985104966		0.621121406555176	0.13989767339596	0.187781217250398	0.745003549579791	1.91182703304085E-4	99.9559882437495
232	0.135378124459056		0.277069586600404		0.621190249919891	0.125468263663578	0.169761796801821	0.739084211096383	4.16497269613567E-4	99.9041439308813
231	0.122227851951482		0.250059717323565		0.621524631977081	0.112317991156004	0.153065879243042	0.733788560268635	1.8144960438454E-4	99.9582284113398
230	0.110225005663078		0.22546483827145		0.621933937072754	0.100315144867601	0.137870290829245	0.727605231440635	1.9922436547567E-4	99.9541374146898
229	0.0978805026911642		0.200030752145663		0.62280935049057	0.0879706418956867	0.122223765781122	0.719750707511533	1.83311771728549E-4	99.9577998114902
228	0.0859151331329574		0.17508617445603		0.623824656009674	0.0760052723374799	0.106861972704302	0.711247138846991	2.14303479126944E-4	99.9506669730999
227	0.0762413407140314		0.154765153647946		0.624672889709473	0.0663314799185539	0.0943132854472443	0.703310033194183	1.91754126765443E-4	99.9558567266301
226	0.069300404653204		0.140054297650515		0.625293791294098	0.0593905438577265	0.0852084224201926	0.697003208965082	1.71665217910767E-4	99.9604804338638
225	0.0626633714079347		0.125953066894788		0.625641524791718	0.0527535106124572	0.0764334923508588	0.690188410733589	3.24840193115877E-4	99.9252307475191
224	0.0572080390551604		0.114248954697903		0.625679969787598	0.0472981782596829	0.0691151605406626	0.684338687629263	2.46949353156833E-4	99.9431539735491
223	0.0512530370571659		0.101395512938655		0.625520944595337	0.0413431762616883	0.0610574969389878	0.67711875419657	2.87121554809793E-4	99.933909668089
222	0.045904988296187		0.089736994194041		0.62475597858429	0.0359951275007094	0.0536990988333566	0.670311574732612	1.97286660556645E-4	99.9545833841043
221	0.0413366352336917		0.0797605290086852		0.623277485370636	0.0314267744382142	0.0473539130783747	0.663657391654206	3.99053547482671E-4	99.9081567268018
220	0.0377899069229736		0.0719233283030016		0.621200323104858	0.0278800461274961	0.042327627711146	0.658672541673166	4.65594136472833E-4	99.8928504343835
219	0.034596657996219		0.0647980666432404		0.618524014949799	0.0246867972007415	0.0377381227699821	0.65416071040974	3.52655432628034E-4	99.9188310456191
218	0.0323666544574612		0.0597966750616624		0.6152663230896	0.0224567936619837	0.0344621727913206	0.65163603577658	3.9052165269539E-4	99.9101194831574
217	0.0300970926989518		0.0546655868253293		0.611503660678864	0.0201872319034743	0.0311137400659517	0.648820484476746	1.77644538320386E-4	99.9591041980349
216	0.0280789040397187		0.0501272069835395		0.607404947280884	0.0181690432442412	0.0281485602520257	0.645469717867139	7.31180722020303E-4	99.8317810638451
215	0.0265752821814081		0.0466480402036183		0.602963209152222	0.0166654213859305	0.0258449101929869	0.64482411668247	3.08068442731388E-4	99.9290897728076
214	0.0250726508092385		0.0432167465390454		0.598491311073303	0.0151627900137609	0.023599631053642	0.642501146704194	7.77504763444301E-4	99.8211330700974
213	0.0238007428171894		0.0402820928871364		0.594147801399231	0.0138908820217119	0.0216847403334595	0.640583276908245	7.79990357291908E-4	99.8205617663057
212	0.0226585438776616		0.0376255184577491		0.590187430381775	0.0127486830821841	0.0199723209829645	0.638317554232087	8.69084191778597E-4	99.8000860641766
211	0.0217965676390405		0.0356188431270223		0.586437284946442	0.0118867068435629	0.0186686244246868	0.636721087379333	0.00110223452178826	99.7465229191701
210	0.0209513707277449		0.0336423584547441		0.583247244358063	0.0110415099322673	0.0174142935433354	0.634048685626584	0.00109287031036993	99.7486736662732
209	0.0201245921284484		0.0316914721176298		0.579938590526581	0.0102147313329709	0.0161841112016518	0.631158004643984	0.00127056813483117	99.707868412483
208	0.0192418151086604		0.0296049143561919		0.577307462692261	0.00933195431318285	0.0149061000165365	0.626049355822795	8.42891936743986E-4	99.8061051784916
207	0.0183331746322496		0.0273706414559552		0.575665593147278	0.00842331383677209	0.0135775128498551	0.620387101078086	0.00121427982562535	99.7207922493816
206	0.0178203753712982		0.0253541601121602		0.574895739555359	0.00791051457582065	0.0124000887312449	0.637940158919044	-2.89813153564584E-4	100.066754215431
205	0.0171327876360085		0.0236733567245588		0.574898242950439	0.00722292684053101	0.0114338518134039	0.631714225302759	5.29878265708618E-4	99.8780654211217
204	0.0164914256390596		0.0221218653748622		0.567570567131042	0.00658156484358204	0.0104075346591934	0.632384619326564	2.36113545301986E-5	99.99456343249
203	0.0159259025891037		0.0207428807383436		0.570808053016663	0.00601604179362619	0.00967976486340619	0.621507017837747	3.49243489731588E-4	99.9196160399011
202	0.0152976560935061		0.0191933014579601		0.576338827610016	0.00538779529802862	0.00888047305162848	0.606701384791728	-4.13287753616639E-4	100.09520831643
201	0.014692105091516		0.0176652707824557		0.582763433456421	0.0047822442960385	0.00808898569997289	0.591204444341461	-0.00104140236081343	100.24007948555
200	0.0140878498468144		0.0161198820423691		0.590864896774292	0.00417798905133689	0.00728832123933724	0.573244360962994	-7.61717701432577E-4	100.17554588414
