Wavelength	I	I dark	R	R dark	XCorrect	Ic	Rc	Ic/Rc	Abs	Percent T
nm	uA	uA	uA	uA		uA	uA	uA/uA	OD	T*100
	Abs Detector Raw	Dark Offset for Abs Detector	Ref Detector Raw	Dark Offset for Ref Detector	Linear interp	Dark subtracted Abs Detector	Corrected Ref Detector	Corrected Intensity 	-Log(T)	% Transmittance
800	0.167708506963079	0.00990028855182529	0.182463421855446	0.00375349303176234	1.26322114467621	0.157808218411254	0.225750160853657	0.699039229095182	0.00144150910811519	99.668630506229
799	0.172891909480667		0.188453859720608		1.25946629047394	0.162991620928842	0.232623885682777	0.700665885837316	0.00149448786945244	99.6564728603151
798	0.175100230661723		0.191043101310299		1.25578379631042	0.165199942109898	0.235195255293513	0.702394875711825	0.00151485888247356	99.6517984843338
797	0.174731145923513		0.190698898316374		1.25213968753815	0.164830857371688	0.234081761359766	0.704159334816159	0.00149516418761312	99.6563176673924
796	0.172757531620181		0.18852932969101		1.24854493141174	0.162857243068356	0.230700934308268	0.705923639003308	0.00146740289157745	99.6626881765233
795	0.170952616580701		0.186644545953729		1.24499154090881	0.161052328028876	0.227697813795755	0.707307309385675	0.00157314219302663	99.6384258829037
794	0.172150260428149		0.188216673480406		1.24150061607361	0.162249971876324	0.229011152169889	0.708480658426456	0.00159238255461078	99.6340117423691
793	0.176645732936737		0.19355490740683		1.23799812793732	0.166745444384911	0.234973795676188	0.709634212211047	0.00158506972793271	99.6356894344048
792	0.184477914835983		0.20275826163336		1.23457276821136	0.174577626284157	0.245685868059737	0.710572519546423	0.00152317583762829	99.6498901211431
791	0.191781995388462		0.211263937487435		1.23109483718872	0.181881706836637	0.255465036832115	0.711963206754451	0.00159131677639427	99.6342562490209
790	0.196532424332188		0.216751498309929		1.22767388820648	0.186632135780363	0.261492089320072	0.713720006848547	0.00155534625441051	99.6425088167522
789	0.196833621192251		0.21712435578372		1.22422575950623	0.186933332640426	0.261214106509014	0.715632609351346	0.00153524039188314	99.6471219192495
788	0.192435981744491		0.212154538069814		1.22079539299011	0.182535693192666	0.254415035676778	0.717472112869024	0.00149661891790191	99.655983855136
787	0.185955336590638		0.204872215406041		1.21735346317291	0.176055048038813	0.24483257319124	0.719083436260319	0.00153932285686471	99.6461852184838
786	0.180520476192128		0.198850606123767		1.21391463279724	0.170620187640303	0.236831240398883	0.720429396700096	0.0015332645956073	99.6475752587885
785	0.177295913750789		0.19537787168635		1.21042191982269	0.167395625198964	0.231946348295916	0.721699765608731	0.00149962404349423	99.655294282222
784	0.177075019319604		0.19535560453556		1.20695853233337	0.167174730767779	0.231255803292599	0.722899613274825	0.00152290528657581	99.6499521997377
783	0.178998279237761		0.197762415477175		1.20348119735718	0.169097990685936	0.233486090282582	0.724231539794432	0.00152913674622452	99.648522386035
782	0.180996537439005		0.200200826035669		1.20004236698151	0.17109624888718	0.235745122485213	0.725767927172754	0.00158023058395636	99.636799635323
781	0.183847027425479		0.203620246264316		1.1966587305069	0.173946738873653	0.239172295193802	0.727286321907409	0.00162691906467671	99.6260888366536
780	0.186346692675806		0.206648939451371		1.19330596923828	0.17644640412398	0.242116347343785	0.728767000079681	0.00159164583474462	99.6341807576827
779	0.189610801702069		0.210578031461428		1.19010949134827	0.179710513150244	0.24614384622887	0.730103619909903	0.00164136778094446	99.6227743917192
778	0.194540273651977		0.216382231038455		1.18701219558716	0.184639985100151	0.252392905146251	0.731557747208306	0.00157327617177818	99.6383951447056
777	0.198576614730819		0.22123149649912		1.1839507818222	0.188676326178994	0.25748325223431	0.732771256156489	0.00164525072474231	99.6218836875524
776	0.205887570321418		0.229771906697538		1.1809515953064	0.195987281769593	0.266916806187219	0.734263550389271	0.00150595605525356	99.6538413190335
775	0.212826915462757		0.238026074030584		1.17803692817688	0.202926626910932	0.275981751675921	0.735290017106723	0.00160765214704031	99.6305087183387
774	0.222521394031198		0.24934604716803		1.17517721652985	0.212621105479372	0.288614774170315	0.736695153914408	0.00157740966932972	99.6374468178914
773	0.231909799221344		0.260342215642158		1.17244553565979	0.222009510669519	0.300836302325207	0.737974469681937	0.00156108348998892	99.6411925007627
772	0.244341188789591		0.274897957275585		1.1697244644165	0.234440900237766	0.317164313217106	0.739178055247615	0.00143943928749784	99.6691055218843
771	0.25950730983037		0.292693237661022		1.16703009605408	0.249607021278544	0.337201377928525	0.740231320559586	0.00151939691236574	99.6507572082032
770	0.28230064393729		0.319463220464211		1.16448152065277	0.272400355385465	0.367638143485409	0.740946934403926	0.0016954874328886	99.6103606628322
769	0.318896295417648		0.362198811418936		1.16197168827057	0.308996006865823	0.416503311759026	0.741881272350115	0.00160133508638859	99.631957911386
768	0.365474533146569		0.416924351361396		1.15950226783752	0.355574244594744	0.479072547237587	0.742213776692163	0.00174095240300877	99.5999333025595
767	0.422348872213744		0.483604272054429		1.15713560581207	0.412448583661919	0.555252421883789	0.742812759398	0.0016145178733444	99.6289336801423
766	0.473386248413618		0.542976639676076		1.15489220619202	0.463485959861792	0.622744609457852	0.744263302841422	0.00167964773313693	99.6139937437118
765	0.506299024466187		0.580735749022268		1.15279674530029	0.496398735914362	0.665143266801875	0.746303481806458	0.00155590026549988	99.6423817071021
764	0.503140905277146		0.576446924576515		1.1508207321167	0.493240616725321	0.659067474168757	0.74839168379143	0.0014150333104806	99.6747067679313
763	0.477694977949623		0.546722483166967		1.14889180660248	0.467794689397798	0.623812624005559	0.749896156948612	0.00149555361917691	99.6562283056809
762	0.444380782831276		0.507784809372359		1.14707088470459	0.43448049427945	0.578159647953627	0.751488790020674	0.00140868764573671	99.6761631688755
761	0.403997599704065		0.460989985340592		1.14529764652252	0.394097311152239	0.523671878545516	0.752565351125658	0.00141477228272364	99.6747666762977
760	0.37352360843179		0.426268760503745		1.14352190494537	0.363623319879964	0.483155463528066	0.752601072178173	0.00150477138638859	99.6541131552392
759	0.363334538343109		0.414910864125789		1.14178252220154	0.353434249791283	0.469452300189492	0.752865093319644	0.0014740289111707	99.6611676370863
758	0.364661419746498		0.416770837262889		1.14000296592712	0.354761131194673	0.470840997402828	0.753462704291991	0.00167342853399407	99.615420249749
757	0.368720759635063		0.421661884911802		1.13824582099915	0.358820471083238	0.475682480617928	0.754327699050672	0.00163598401392028	99.6240093812353
756	0.376518856832907		0.430958772081685		1.13651084899902	0.366618568281082	0.485523434389892	0.755099635389946	0.00167745773759455	99.6144960635924
755	0.38827663571659		0.444826473747463		1.13479709625244	0.378376347164764	0.500528337751587	0.75595389636571	0.0016622901534083	99.6179751260777
754	0.400191075061072		0.458858741452624		1.13314974308014	0.390290786509246	0.515702395322522	0.756813988162993	0.00160458449622935	99.6312124636153
753	0.415877412278666		0.477222309494481		1.13162350654602	0.40597712372684	0.535788442325736	0.757719076515697	0.00150315298857237	99.6544845168529
752	0.429187716485734		0.492970699629307		1.13012480735779	0.419287427933909	0.552876501362166	0.758374477665224	0.00159667827528211	99.6330262410908
751	0.44140130591447		0.507236315417031		1.12870526313782	0.431501017362645	0.568283711525736	0.759305622545726	0.00164422000206289	99.6221201231071
750	0.451991494470787		0.519595487425752		1.12733149528503	0.442091205918961	0.581524926870991	0.760227439084546	0.001606969940257	99.6306652219672
749	0.46283075986937		0.532326468820194		1.12599456310272	0.452930471317544	0.595170296940801	0.761009871704998	0.00158972137130313	99.634622261711
748	0.478222919842045		0.550389788144989		1.12473857402802	0.46832263129022	0.614822927077608	0.761719530395951	0.00162622236808075	99.626248657272
747	0.500512234023001		0.57667037886029		1.12356340885162	0.490611945471176	0.643708449230157	0.762164837292292	0.0016813611800405	99.6136007316899
746	0.524775164223903		0.605323895896675		1.1224285364151	0.514874875672077	0.675219786838306	0.762529306321075	0.00177196494412689	99.5928212233771
745	0.554859705424492		0.640670461002019		1.12132000923157	0.544959416872666	0.71418774040415	0.763047845884726	0.00168593000826862	99.6125527905902
744	0.584594222212417		0.675641672104957		1.12025701999664	0.574693933660591	0.752687449259508	0.76352267362233	0.0016223341370149	99.6271406133644
743	0.612449440606972		0.708367439491281		1.11920189857483	0.602549152055147	0.788605266639796	0.764069398905457	0.00173706605333195	99.6008245915734
742	0.642133768186113		0.742939819419054		1.11819970607758	0.632233479634288	0.826557932902833	0.764899173387537	0.00167632175649313	99.6147566248882
741	0.666721355062964		0.771533590667104		1.1171909570694	0.656821066511138	0.857756982096062	0.7657426056808	0.00169795223682912	99.6097953337226
740	0.695342872892934		0.804602978352348		1.11617469787598	0.685442584341108	0.893887932321836	0.766810423942854	0.00166219041682486	99.6179980035446
739	0.727851529074071		0.84240850951232		1.11507248878479	0.717951240522245	0.935161136458824	0.767729979927216	0.00172119618128503	99.6044642445926
738	0.766344708241549		0.887302094538012		1.11387884616852	0.756444419689723	0.984166096779589	0.768614588701011	0.00170051321236505	99.6092079500291
737	0.811997675893601		0.940718036707385		1.11252617835999	0.802097387341776	1.04239758303425	0.769473567855944	0.00184384994750324	99.5763378506469
736	0.870092028383635		1.00867357537628		1.11103796958923	0.86019173983181	1.1165043678875	0.770432937454023	0.00181343392922379	99.5833119705119
735	0.933220061578654		1.08254192987848		1.10932576656342	0.923319773026828	1.19672780966473	0.771536990759412	0.00180355972973904	99.585576140809
734	1.00263987483886		1.1633724990135		1.1074481010437	0.992739586287038	1.28421786610866	0.773030505559903	0.00178509790133146	99.589809606749
733	1.0537169483042		1.222387414244		1.1053968667984	1.04381665975238	1.34707411828226	0.774876931852435	0.00160126714179509	99.6319734986285
732	1.08547910943217		1.25923008835215		1.10324323177338	1.07557882088035	1.3850960564371	0.776537349797289	0.00170551008725971	99.6080618800055
731	1.1040492311231		1.28053012183638		1.10097706317902	1.09414894257128	1.40570178311691	0.778364910475666	0.00157736558143823	99.6374569326991
730	1.11249645856738		1.29059071444755		1.09864163398743	1.10259617001555	1.41377294761208	0.779896214507348	0.00162501483409644	99.6265256634354
729	1.11701554119092		1.29608733612968		1.09623396396637	1.1071152526391	1.41670025158713	0.78147459308968	0.00156710075885019	99.6398119543447
728	1.12000296946268		1.30027860350796		1.09382593631744	1.11010268091085	1.4181727929257	0.782769692415762	0.0016108254873062	99.6297807322299
727	1.12305736398172		1.30453679898655		1.09146678447723	1.1131570754299	1.41976177225213	0.784044969505076	0.00162601176472334	99.6262969692548
726	1.13153877874275		1.31535608757857		1.08920443058014	1.12163849019093	1.42860335714079	0.785129395492798	0.00165336860121829	99.6200215626083
725	1.137291749606		1.32287742391326		1.08703660964966	1.12739146105417	1.43393600553315	0.786221600339127	0.00157124049799277	99.6388621820566
724	1.14762399291188		1.33582676925947		1.08495438098907	1.13772370436005	1.44523873684172	0.787221983024287	0.001563928639918	99.6405397335391
723	1.15904963373537		1.35013698038393		1.08299386501312	1.14914934518354	1.45812505675737	0.788100677550292	0.00157765529531447	99.6373904654852
722	1.18035959611359		1.37637490752518		1.08117377758026	1.17045930756177	1.48404227989541	0.788696739586327	0.00157732230438547	99.6374668614822
721	1.19788331277941		1.39808335317818		1.07950687408447	1.18798302422759	1.5051886687693	0.789258548696706	0.0015600031495443	99.6414403660905
720	1.21698223543259		1.42174777721693		1.07795476913452	1.20708194688076	1.52853370124289	0.789699269240355	0.00156901045837306	99.639373814578
719	1.22814100766583		1.43595137213087		1.07653081417084	1.21824071911401	1.54180514884031	0.790139220919272	0.00154068803426987	99.6458719874564
718	1.23095008358234		1.44023997837594		1.07519900798798	1.22104979503052	1.5445088440302	0.79057481590351	0.00151559627829279	99.6516292840325
717	1.22101762970357		1.429696052942		1.07402753829956	1.21111734115175	1.53150157737697	0.790803848355189	0.00150526597515311	99.6539996659395
716	1.20184182411613		1.40822260789841		1.07296395301819	1.19194153556431	1.50694473337928	0.790965659962471	0.00153685547413165	99.6467513458133
715	1.16022176202658		1.36005634527349		1.07196414470673	1.15032147347475	1.4539080269666	0.791192738563223	0.00157444601478734	99.6381267528013
714	1.10635866714903		1.29728398224307		1.07102370262146	1.09645837859721	1.38540181400884	0.791437088872046	0.00151967039897621	99.6506944555311
713	1.03237558181233		1.21083998081846		1.07008218765259	1.02247529326051	1.29168174953667	0.7915845320469	0.00160736805193184	99.6305738919723
712	0.958432076248419		1.12420368050546		1.06905663013458	0.948531787696594	1.19782470165429	0.791878633314702	0.00155681302584167	99.6421722880959
711	0.883163495921736		1.03606752515695		1.06793642044067	0.873263207369911	1.10244575223846	0.792114446989159	0.00161644929054914	99.6284906061067
710	0.806670139904147		0.946663045533727		1.06664419174194	0.796769851352321	1.00574899751422	0.792215406947059	0.00168340125445497	99.6131328033847
709	0.726422293239938		0.853098342538453		1.06514143943787	0.716522004688113	0.904672395582694	0.79202372945911	0.00175471248884217	99.59677765132
708	0.646007567303935		0.759518603532496		1.06344926357269	0.63610727875211	0.80371785019594	0.791455955092986	0.00167636988902905	99.6147455846591
707	0.581643814814538		0.685065397958415		1.06151580810547	0.571743526262713	0.723223357330092	0.790549033667007	0.00170658495871621	99.6078153520515
706	0.529617658406213		0.625256314640271		1.0593421459198	0.519717369854388	0.658384132737968	0.789383194417341	0.00172177058070275	99.604332507463
705	0.488203565554118		0.577909519175163		1.05691242218018	0.478303277002292	0.606832636300566	0.788196363198547	0.00185759211977959	99.5731870541323
704	0.455870669259974		0.541210448582059		1.05424511432648	0.445970380708148	0.566611369549683	0.787083360262583	0.00180394770883489	99.5854871755881
703	0.424957874888866		0.506370290640218		1.0513402223587	0.415057586337041	0.528421255758894	0.785467241927948	0.00189971957302749	99.5635287197224
702	0.398826597527461		0.47719836540278		1.04815697669983	0.388926308975636	0.496244546058442	0.783739210969248	0.00179300785383051	99.5879957603327
701	0.37660474397856		0.452664480307941		1.04489290714264	0.366704455426735	0.469063906543279	0.781779306212512	0.00181356508361171	99.5832818969399
700	0.3611284058446		0.436017829678657		1.04165291786194	0.351228117292774	0.450269407555893	0.780039930314776	0.00192787005630902	99.5570753321398
699	0.342640120090839		0.415902741868408		1.03863656520844	0.332739831539013	0.42807328016493	0.777296427870512	0.0018304608988848	99.5794077790845
698	0.335977314941681		0.409116592298356		1.03591132164001	0.326077026389855	0.41992022390535	0.776521367218916	0.00184478539287172	99.5761233691657
697	0.336698829831376		0.411248719670208		1.0335921049118	0.32679854127955	0.421183849042743	0.77590473144279	0.00184768950427451	99.5754575094771
696	0.340890735027028		0.417469567728847		1.03182005882263	0.330990446475203	0.426880544529814	0.775370184274317	0.00165102376365446	99.6205594312873
695	0.350736543398331		0.43060074443419		1.03069472312927	0.340836254846505	0.439949209602716	0.774717279647549	0.00181762834036158	99.5823502006685
694	0.365194099492905		0.449249416845025		1.03009569644928	0.35529381094108	0.458903433905738	0.774223474244169	0.00189037176535967	99.5656717603834
693	0.381659577942737		0.470146723585254		1.02995276451111	0.371759289390912	0.480362997157835	0.773913252249863	0.0018243950056228	99.5807986378273
692	0.396964680420643		0.489601200436228		1.03007698059082	0.387064391868818	0.500460539470165	0.773416406173805	0.00192963582079798	99.556670551517
691	0.414712745535272		0.511870434050858		1.03042733669281	0.404812456983447	0.523577586262804	0.773166131638522	0.00178268283625502	99.5903634165484
690	0.430489434620181		0.53161123749981		1.03089714050293	0.420589146068356	0.544167039364436	0.77290448638636	0.00176021338181433	99.5955161392186
689	0.441964042423452		0.546193668471815		1.03128290176392	0.432063753871627	0.559409278161145	0.772357146617016	0.00187136799465644	99.5700286303715
688	0.452060430627738		0.558839530237691		1.03155958652496	0.442160142075912	0.572604323025928	0.772191414377239	0.00175545259219849	99.5966079235208
687	0.45895687377645		0.567694698354162		1.03166389465332	0.449056585224625	0.581797780238395	0.771843070698244	0.00185385924330326	99.5740429158126
686	0.46372456327156		0.573861290736749		1.03159546852112	0.453824274719734	0.588120620681018	0.771651696541818	0.00181520215118755	99.5829065197214
685	0.467902837790997		0.579347476933089		1.0313640832901	0.458002549239172	0.593646961553688	0.771506600556821	0.00176078509273634	99.5953850304681
684	0.469016515765063		0.581012812009442		1.03098654747009	0.459116227213237	0.595146592267735	0.771433850379332	0.00187485536192052	99.5692290902469
683	0.468542591511585		0.580617681090611		1.03047323226929	0.45864230295976	0.5944431044494	0.771549538596424	0.00186672645483533	99.5710927947618
682	0.464894186069621		0.576226978288331		1.02990901470184	0.454993897517795	0.589595603143523	0.771705038321051	0.00181240408479069	99.5835481131416
681	0.461444576708405		0.572188985445579		1.02931475639343	0.451544288156579	0.585099040399309	0.77173992260937	0.00178319836893162	99.5902451970953
680	0.458107253723693		0.568331549853083		1.02871644496918	0.448206965171868	0.580790731520835	0.771718522432704	0.00178111299833799	99.5907234050302
679	0.458860523679179		0.569778249371228		1.02808725833893	0.448960235127354	0.581922839897001	0.771511623786444	0.00186396962426165	99.5717248578332
678	0.459432249140762		0.570937374122455		1.02740895748138	0.449531960588937	0.582729799971635	0.771424355869252	0.00184091459527627	99.57701087926
677	0.465449523591816		0.57888379285291		1.02669847011566	0.45554923503999	0.590485398943534	0.771482640984917	0.00184492446720773	99.5760914818597
676	0.468979511675855		0.583844210008382		1.0259222984314	0.45907922312403	0.595128001659371	0.771395770059547	0.00188246742350107	99.5674839138914
675	0.47465871392367		0.591290125200798		1.0251362323761	0.464758425371845	0.602305089484707	0.771632904130798	0.00187321062356653	99.5696061745684
674	0.479616738501027		0.598014304251078		1.02431344985962	0.469716449949201	0.608709341656433	0.771659670395396	0.00186118293091084	99.5723637716702
673	0.483556907247489		0.603302371856901		1.02344214916229	0.473656618695664	0.613603593072643	0.771926083945844	0.00189269274982323	99.5651396565474
672	0.488161695437097		0.609494588323857		1.02255475521088	0.478261406885272	0.619403437417576	0.772132309887147	0.00185009679654218	99.5749055647149
671	0.491322259084136		0.613949898364648		1.02164971828461	0.481421970532311	0.623406985606623	0.772243464779033	0.00190484188451039	99.5623544188273
670	0.49478193009082		0.618616087921198		1.02074801921844	0.484881641538995	0.627619775824905	0.772572280568591	0.00185342984170395	99.5741413680753
669	0.497526220240987		0.622414417068619		1.0197958946228	0.487625931689162	0.630907870496336	0.772895623105076	0.00180630083670527	99.5849475952796
668	0.501879572579549		0.628294913260942		1.01878011226654	0.491979284027724	0.636270378216188	0.773223618247025	0.00185047983430496	99.5748177419729
667	0.502992190067779		0.630113521346937		1.01773703098297	0.493091901515954	0.637469795543895	0.773514141317461	0.00182819772796028	99.5799267030335
666	0.505195182307512		0.63320770773594		1.01666116714478	0.495294893755686	0.639941656585348	0.773968827718641	0.00194943151326671	99.5521327358168
665	0.506428032949558		0.635245461023696		1.01556634902954	0.496527744397733	0.641321992375048	0.774225350605724	0.00202958609069799	99.5337608173491
664	0.508837183635732		0.638520096325553		1.01445806026459	0.498936895083907	0.643944097098159	0.774813989804851	0.00189117047644544	99.5654886493009
663	0.509771389259441		0.640045453375122		1.01329731941223	0.499871100707615	0.64475293777948	0.775290923728342	0.00196614825649193	99.5483008763723
662	0.512108216337506		0.643466489128054		1.01216089725494	0.50220792778568	0.647492480114471	0.7756197071152	0.00196453831195794	99.5486699060206
661	0.51487247413896		0.647255650795042		1.01106476783752	0.504972185587135	0.650622359741876	0.776137152414305	0.00198983752487857	99.5428710074706
660	0.518438292911333		0.652190080706965		1.00999879837036	0.508538004359508	0.654920174371333	0.776488531365919	0.00192290961946966	99.5582124624166
659	0.522180068409077		0.657402096982526		1.00900542736053	0.512279779857251	0.659534988972957	0.776728738311496	0.00200904591223386	99.5384684285272
658	0.527173822966759		0.664153752534161		1.00805485248566	0.517273534414934	0.66571968617418	0.777014027311781	0.00207712908770364	99.52286527416
657	0.531709096691313		0.670123659126517		1.00716114044189	0.521808808139488	0.671142136440448	0.777493737626157	0.00197131548300812	99.5471164598502
656	0.538875368635334		0.679679167511187		1.00634658336639	0.528975080083509	0.680215493121994	0.777658088403228	0.00207528994479275	99.5232867327953
655	0.545339414324837		0.688316598812123		1.00559914112091	0.535439125773012	0.688396071215793	0.777806771655974	0.0020021724889576	99.540043800696
654	0.556738788668936		0.703386357357864		1.00487756729126	0.546838500117111	0.703045370701029	0.777813954698032	0.00197414778153214	99.5464672546602
653	0.568378105944205		0.718730049313155		1.00422203540802	0.55847781739238	0.717995212617917	0.777829444511318	0.00207631813356411	99.5230511124754
652	0.579869330568699		0.73381369030513		1.00357329845428	0.569969042016873	0.732668920247819	0.777935335136211	0.00194655630297919	99.5527918145654
651	0.589596698693893		0.74676669318306		1.00296664237976	0.579696410142067	0.745217454599588	0.77788893237014	0.00205587512024144	99.5277359496776
650	0.594639305790443		0.753497537272376		1.00240564346313	0.584739017238617	0.751547661099665	0.77804648661008	0.00208482133574647	99.5211025352402
649	0.601118387490628		0.762122737128048		1.001877784729	0.591218098938802	0.759793298281796	0.778130183927377	0.00206212812845875	99.5263029513403
648	0.604619267908768		0.766912803637228		1.00140357017517	0.594718979356942	0.764230458252735	0.778193243850359	0.00207160043161886	99.5241322283117
647	0.603332456085296		0.765629147331322		1.00099229812622	0.593432167533471	0.762631662083734	0.778137332919065	0.00212221018404682	99.5125350323278
646	0.604524045436004		0.767400100693386		1.00062572956085	0.594623756884178	0.764124443918082	0.778176593638621	0.002054101055322	99.5281425148836
645	0.60498938356891		0.768440707378681		1.00029969215393	0.595089095017085	0.76491638510527	0.777979275388625	0.00208077959349448	99.522028728258
644	0.607544153456163		0.772018981900516		1.00000286102295	0.597643864904337	0.768267686893948	0.777910974390409	0.00202243338042707	99.5354001244223
643	0.610460982362964		0.776186473033766		0.9997199177742	0.600560693811139	0.772216635253683	0.777710122255844	0.00205217487573911	99.5285839423232
642	0.617082333960042		0.78522967978474		0.999445915222168	0.607182045408217	0.78104318269366	0.777398815919715	0.00210810074565554	99.5157680662454
641	0.622258791153713		0.792271951179941		0.999167442321777	0.612358502601888	0.787861971051427	0.777240843068839	0.00208220367713515	99.5217023887198
640	0.630160222396555		0.802875805507687		0.998895227909088	0.620259933844729	0.798239464447876	0.777034914295736	0.00211206586126914	99.514859489828
639	0.638908867381128		0.814686337076705		0.998560547828674	0.629008578829303	0.809765545001783	0.776778640078984	0.00212213296113219	99.5125527268853
638	0.648107230076307		0.827079173025721		0.998183071613312	0.638206941524482	0.821829756194488	0.776568305922289	0.00209043090696037	99.5198170777228
637	0.655260973028679		0.836576939101051		0.997746467590332	0.645360684476854	0.83094665144204	0.776657181729877	0.00212893833392905	99.5109933823817
636	0.663637623996184		0.847821291778289		0.997253656387329	0.653737335444359	0.841749698538778	0.776641009291959	0.00212576880161425	99.5117196279899
635	0.673780752922939		0.861406284704963		0.996708512306213	0.663880464371114	0.854829838063867	0.776622942730637	0.00211360517660987	99.5145067695317
634	0.682324483052374		0.872992040579079		0.996089160442352	0.672424194500549	0.865839095050536	0.776615653352199	0.00213635335412007	99.5092943745499
633	0.694223939791936		0.888868085742692		0.995416641235352	0.684323651240111	0.88105779498471	0.776706880224568	0.00215937680640503	99.5040191825793
632	0.701436616765069		0.898736591562634		0.994728446006775	0.691536328213243	0.890265146803943	0.776775695079003	0.00221613404201998	99.4910160147364
631	0.710939877530318		0.911408435994422		0.994035542011261	0.701039588978493	0.902241273187088	0.77699791598109	0.00219737186428278	99.4953142697811
630	0.716602504155641		0.919126455067586		0.993336021900177	0.706702215603815	0.909272936663647	0.777216814784882	0.00216147787625708	99.5035377940333
629	0.72487415481839		0.930243683721894		0.992607176303864	0.714973866266564	0.91964081205416	0.777449039771908	0.00212164920370678	99.5126635732467
628	0.735178613395379		0.944285913890394		0.991834938526154	0.725278324843554	0.932852915824175	0.777484116242238	0.00222007892381946	99.4901122995567
627	0.744779094008873		0.957251622761925		0.991048812866211	0.734878805457048	0.94496318953923	0.777679822444067	0.00227000743480016	99.478675111554
626	0.757003248623113		0.973623306961644		0.99024510383606	0.747102960071288	0.960408834602456	0.77790096587412	0.00215299517684777	99.5054813297669
625	0.766613920581781		0.986773235192791		0.989454746246338	0.756713632029956	0.972653549535081	0.777988866016741	0.0022093638746893	99.492566980969
624	0.773955990559768		0.996655809616193		0.988670885562897	0.764055702007943	0.981653612614981	0.778335343739643	0.00220208954184951	99.494233472575
623	0.780836192253468		1.00606582239598		0.987914323806763	0.770935903701642	0.990198707107027	0.778566865588034	0.00222945579343197	99.4879642277333
622	0.787184132291579		1.01468210654123		0.987213253974915	0.777283843739754	0.998002126079034	0.77883986759984	0.00221846938656361	99.4904810201961
621	0.793618578982177		1.02353522235058		0.986586511135101	0.783718290430352	1.00610289844798	0.778964350107054	0.0022081734208191	99.4928397025409
620	0.799410342264698		1.03157756393222		0.986040651798248	0.789510053712873	1.01347631680461	0.779011843317776	0.00222910382051	99.4880448575481
619	0.803864721519361		1.03792796979063		0.985671520233154	0.793964432967535	1.01935632869324	0.778888020428885	0.0022448201618367	99.4844446281078
618	0.807542986885522		1.04315868723799		0.985484898090363	0.797642698333697	1.02431812188692	0.778706030177754	0.00227033094083898	99.4786010098983
617	0.809191354188506		1.04564963113673		0.9854616522789	0.799291065636681	1.02674868975993	0.778468064881163	0.0022415687014615	99.4851894474735
616	0.813818250837498		1.0521376163403		0.985575616359711	0.803917962285673	1.03326182851155	0.778038963699789	0.00226335776623879	99.4801982837569
615	0.814770799051465		1.05399869879136		0.985840737819672	0.80487051049964	1.03537450853761	0.777371379981585	0.00235712870352854	99.458721279494
614	0.819097431724607		1.05987734104082		0.986221313476563	0.809197143172781	1.04157184857741	0.776899975050199	0.00229510724903993	99.472925961569
613	0.819619534078478		1.06120960269321		0.986693203449249	0.809719245526652	1.04338475634883	0.776050484348786	0.00231151860692416	99.4691670951511
612	0.825360397092648		1.06913934814492		0.987153947353363	0.815460108540822	1.05169985232939	0.775373417363017	0.00231321194051841	99.4687792611792
611	0.826138001764833		1.07058273497998		0.98754894733429	0.816237713213008	1.0535460948714	0.774752730029002	0.00234006182906189	99.4626298782328
610	0.832549389373492		1.07929703090463		0.98789769411087	0.822649100821667	1.06252698098045	0.774238316341449	0.0023070348847436	99.4701940352381
609	0.83361146822667		1.08119608332624		0.98806357383728	0.823711179674845	1.06458177637086	0.773741574351258	0.00235980475153578	99.4581084338236
608	0.838557018744018		1.08817652916016		0.988040208816528	0.828656730192193	1.07145356306176	0.773394908337647	0.00237937550702421	99.4536266212609
607	0.844436333906072		1.09646490192978		0.98785537481308	0.834536045354247	1.07944083839948	0.773118836778161	0.0023375059832032	99.4632152227612
606	0.850891732439848		1.1054181718525		0.987536489963531	0.840991443888023	1.08793407003943	0.773016919910912	0.00232970231897522	99.4650024536389
605	0.857925268178345		1.11517436077836		0.987073302268982	0.84802497962652	1.09705386613729	0.773002133990378	0.00237349523436021	99.4549732153934
604	0.865393426107488		1.12551620796604		0.986512660980225	0.855493137555663	1.10663312089821	0.77305940098855	0.00241164958933647	99.4462361168837
603	0.872459801811674		1.13518405765885		0.98584908246994	0.862559513259849	1.11541978401606	0.773304836098754	0.00240798495763076	99.4470752603282
602	0.880712670431041		1.14647219085349		0.985228002071381	0.870812381879216	1.12583845958451	0.773478978680996	0.00242465829856206	99.4432573827568
601	0.889081830859025		1.15793992152056		0.984650254249573	0.8791815423072	1.1364699602629	0.773607374632073	0.00241498571997758	99.4454722012112
600	0.900353681399923		1.17309469746098		0.984116673469543	0.890453392848097	1.15076817625375	0.773790422104743	0.00244448768468695	99.438717021749
599	0.910716073021114		1.18711087477314		0.983676254749298	0.900815784469289	1.16404055730129	0.773869758075901	0.00242691430075743	99.4427408124718
598	0.920960830060257		1.20110155007124		0.983342826366425	0.911060541508431	1.17740362255355	0.77378778530724	0.00241148336522129	99.4462741794575
597	0.932430465024192		1.21668062868331		0.983100771903992	0.922530176472366	1.19242960332233	0.773655881992552	0.00246607411794014	99.4337745829846
596	0.943804012342026		1.23206698268677		0.982921838760376	0.933903723790201	1.20733615382587	0.773524192770007	0.0024965179357866	99.4268045712778
595	0.955681038661756		1.2482203548146		0.982812881469727	0.94578075010993	1.22307806232238	0.77327913830298	0.00251883869666816	99.4216946171038
594	0.969529657686009		1.2669754084506		0.982775807380676	0.959629369134184	1.24146393782671	0.77298207373957	0.00259803666388589	99.4035657240795
593	0.982265750774767		1.28413803502997		0.982796370983124	0.972365462222941	1.25835728133873	0.772726058523277	0.00251402583450177	99.4227964168823
592	0.993739212642983		1.29977940917401		0.982810854911804	0.983838924091158	1.27374833863162	0.772396629893225	0.00253292610645077	99.4184696821896
591	1.00655313928856		1.31713783958561		0.982813537120819	0.996652850736734	1.2908119152357	0.772113147526024	0.00256717539468096	99.4106296618668
590	1.01722022603793		1.33158854448392		0.982779562473297	1.0073199374861	1.30496915090286	0.77191091972494	0.00256163396008303	99.4118981122848
589	1.02896447800516		1.34762109599457		0.982710957527161	1.01906418945333	1.32063341889731	0.771648040153509	0.00257382359301436	99.4091078913828
588	1.03942351421825		1.3618644156398		0.982594430446625	1.02952322566643	1.33447222848339	0.771483440188536	0.0025678916492564	99.4104657103026
587	1.04920385933298		1.37517744506659		0.982425510883331	1.03930357078115	1.34732187671545	0.77138476613681	0.00252163873178678	99.4210536157771
586	1.0584924487734		1.38797271784261		0.982219994068146	1.04859216022158	1.35960779878272	0.771246061666018	0.00251108621333948	99.4234693850126
585	1.06709926484009		1.39994089864195		0.981987595558167	1.05719897628826	1.37103871338374	0.771093453429245	0.00259713074860469	99.4037730748677
584	1.0737242007267		1.40898651170395		0.981722772121429	1.06382391217487	1.37954925456743	0.771138767719061	0.0026052154585764	99.4019226180264
583	1.08150986658914		1.41983334851364		0.981434881687164	1.07160957803732	1.38979016542443	0.771058541567718	0.0026517502146753	99.3912722491938
582	1.08958419364428		1.43106149788283		0.981141924858093	1.07968390509246	1.40039172324495	0.770987065383853	0.00265454529385329	99.390632578203
581	1.09705479450555		1.44143110691122		0.980872988700867	1.08715450595372	1.41017913791428	0.770933618803688	0.00265107412555335	99.3914269769491
580	1.10576429459281		1.45322250701059		0.980610847473145	1.09586400604099	1.42136503818384	0.770994063172705	0.00261435907761293	99.399829835866
579	1.1130800843585		1.46366680018175		0.980334997177124	1.10317979580668	1.43120410784373	0.770805358760984	0.0027420202212815	99.370615485636
578	1.122860974212		1.47707423573609		0.980064511299133	1.11296068566017	1.44394937368539	0.770775420484145	0.00270187411771521	99.3798017119864
577	1.12849040229009		1.48519895036427		0.979791462421417	1.11859011373827	1.45150761113738	0.770640198615118	0.00269996286673822	99.3802390653698
576	1.13801770480329		1.4981124604445		0.979541301727295	1.12811741625147	1.46378632818733	0.770684487570301	0.00272713520261289	99.3740213746732
575	1.14714826964718		1.51092911688743		0.979297995567322	1.13724798109535	1.47597406740978	0.770506749546849	0.0027407734342004	99.3709007625222
574	1.15582638087959		1.52308112489551		0.979087650775909	1.14592609232777	1.48755492184041	0.770342039479137	0.00286380349924349	99.342754245866
573	1.16234300377836		1.53190428159854		0.978899002075195	1.15244271522653	1.49590528194844	0.770398185723001	0.00272956180997026	99.3734661268684
572	1.17218781269898		1.54563582756418		0.978744149208069	1.16228752414716	1.50910831369088	0.770181645414508	0.00278655880183911	99.3604251668265
571	1.17949561448863		1.55578651416913		0.978596448898315	1.1695953259368	1.51881400305795	0.77007146601359	0.00278672174870476	99.3603878868989
570	1.19157609234563		1.57241510449575		0.978484988212585	1.18167580379381	1.53491183840287	0.769865587214037	0.00279454309119311	99.3585984913205
569	1.19737325723946		1.58053910653848		0.978414237499237	1.18747296868763	1.54274949373894	0.769712110428067	0.00274647521177183	99.369596147618
568	1.20594942908019		1.59252592594859		0.978417158126831	1.19604914052836	1.55448220872474	0.769419639424228	0.00283922642160199	99.348376292132
567	1.21548248110509		1.60544296996436		0.978434324264526	1.20558219255326	1.56714796104415	0.769284217266896	0.00278961737600197	99.3597254108504
566	1.22165518158091		1.61430418666479		0.978512525558472	1.21175489302908	1.57594402676681	0.768907316787838	0.00283662117183593	99.3489722658807
565	1.2350492855313		1.63236693073324		0.978631198406219	1.22514899697947	1.59381192027827	0.768691074142276	0.00278034663052556	99.3618464337852
564	1.24501795156812		1.64647909956113		0.978813290596008	1.2351176630163	1.60792165647333	0.768145424277256	0.00292887531391544	99.3278704992509
563	1.25631349595658		1.66159436134155		0.979029059410095	1.24641320740476	1.62307438595295	0.767933508280308	0.00279409793951516	99.3587003338981
562	1.26446120557979		1.67326978701512		0.979272127151489	1.25456091702796	1.63491077252315	0.767357422871344	0.00287195432374291	99.3408898018298
561	1.27655808816084		1.68959551937176		0.979509949684143	1.26665779960902	1.6512990383957	0.767067484542124	0.00289882824170359	99.3347428291271
560	1.28807652988728		1.70528394246581		0.979763388633728	1.27817624133545	1.66709723900097	0.766707670934311	0.00281619211226737	99.3536457164857
559	1.30321242460219		1.72605632855224		0.980009019374847	1.29331213605037	1.68787231290494	0.766238136713368	0.00285559684986461	99.344631494805
558	1.31789677360357		1.74614611118681		0.98027241230011	1.30799648505175	1.70801941497275	0.76579719971896	0.00289640923632759	99.3352961217802
557	1.33216829301676		1.76541321010884		0.980539977550507	1.32226800446494	1.72737777943439	0.765477025470304	0.00288330083556844	99.3382944249518
556	1.34399535290603		1.78172755177949		0.98082560300827	1.3340950643542	1.74388247830431	0.765014317737415	0.00289751606789828	99.3350429587622
555	1.36031472845117		1.80366775402337		0.981100916862488	1.35041443989934	1.76589753173273	0.764718459385518	0.0027768605233904	99.3626440203226
554	1.37154675202689		1.81931909368251		0.98138552904129	1.36164646347507	1.7817698075038	0.764210089171221	0.00297643857257766	99.3169928604572
553	1.38565094508577		1.83841255063746		0.981669664382935	1.37575065653395	1.8010291413369	0.763869181768335	0.00291374866039421	99.3313301896482
552	1.39850491537132		1.85603346273746		0.981943130493164	1.3886046268195	1.8188335920026	0.763458863375508	0.00297128480323135	99.3181714614568
551	1.41425151107256		1.87725649579475		0.982206225395203	1.40435122252074	1.84016631261041	0.763165379616455	0.00292298520639565	99.3292176400246
550	1.4287395008218		1.89718551335428		0.982443392276764	1.41883921226997	1.8601897770911	0.762738958004976	0.0029712535649016	99.3181786053051
549	1.44524707216697		1.91943287654663		0.982618629932404	1.43534678361515	1.88238225121913	0.76251610568764	0.00293046854551319	99.3275061105282
548	1.45520768156321		1.93306462698044		0.982732713222504	1.44530739301138	1.89599716531577	0.762294068499131	0.00292585498507037	99.3285612837027
547	1.47097547324825		1.95449461346708		0.982794582843781	1.46107518469642	1.91717780569444	0.762096859434065	0.00296754356134055	99.3190270442918
546	1.48577939317201		1.9743551114346		0.982793211936951	1.47587910462018	1.93669389399828	0.762061113113363	0.00287671564383794	99.3398006993848
545	1.50078478099046		1.99493930935039		0.982752025127411	1.49088449243864	1.95684189339211	0.761882959207424	0.00302976929137613	99.3047976297049
544	1.51660959171825		2.01616754107709		0.982672691345215	1.50670930316642	1.97754432869362	0.761909243350192	0.00295933969243063	99.3209032089864
543	1.53068177031192		2.03542966258216		0.982572853565216	1.52078148176009	1.99626985143558	0.761811576058444	0.00293632527403922	99.3261666269745
542	1.54127133630965		2.04980300084259		0.98248028755188	1.53137104775782	2.01020330877937	0.761799088216453	0.00293776743506092	99.3258367952726
541	1.55698391101493		2.07095047085087		0.982422113418579	1.5470836224631	2.03086002380154	0.761787422240522	0.00297062477574422	99.3183224022946
540	1.56795933211365		2.08601548543911		0.982404112815857	1.55805904356182	2.04562274530112	0.761655122940314	0.00323592931846139	99.2576687294082
539	1.5863964902431		2.10946114421994		0.982460975646973	1.57649620169128	2.06877559341363	0.762043117054541	0.00295040237369721	99.3229471486161
538	1.59610160495042		2.12291799688833		0.982597053050995	1.58620131639859	2.08228479641974	0.761760023953444	0.00299656105882924	99.3123912396486
537	1.617621506903		2.15167074335547		0.982804477214813	1.60772121835118	2.11098269030507	0.761598484788539	0.00296662032855923	99.3192381790929
536	1.62936772725402		2.16779419299808		0.983075141906738	1.61946743870219	2.12741461821134	0.761237337018857	0.00305893381773815	99.2981291587329
535	1.64982242840519		2.19499518165892		0.983403861522675	1.63992213985337	2.15487553812541	0.761028704831827	0.00302012146496995	99.3070037044551
534	1.66293705085035		2.21292119477088		0.98377537727356	1.65303676229852	2.17332478923897	0.760602727435583	0.00304438133678442	99.3014565285341
533	1.67655888917482		2.23107482018663		0.984184384346008	1.666658600623	2.19209486910665	0.76030404710642	0.00301826538203347	99.3074281225323
532	1.69323421259452		2.25342794509731		0.984593272209167	1.6833339240427	2.21501433016458	0.759965252196639	0.00304420836302792	99.3014960790007
531	1.71088751147418		2.27714881902596		0.984989404678345	1.70098722292235	2.23927030874956	0.759616744917325	0.0030336981662678	99.3038992660887
530	1.73600612557059		2.31068564750524		0.985359311103821	1.72610583701876	2.27315707849524	0.759342965494225	0.00304100816154394	99.3022278082287
529	1.75627512420786		2.33793126507215		0.985676109790802	1.74637483565603	2.30074326590493	0.759048113510025	0.00305745272784889	99.2984677992453
528	1.77193821160865		2.35856289340768		0.98594456911087	1.76203792305682	2.32171153959186	0.758939210581939	0.00305092351103476	99.2999606713085
527	1.78807681780637		2.38059588892511		0.986159026622772	1.77817652925454	2.34394458356992	0.758625669616434	0.00312117304850911	99.2838996517832
526	1.81066691933964		2.410483120251		0.98632550239563	1.80076663078781	2.37381880869746	0.758594811107725	0.00309037021112113	99.2909417266893
525	1.82915376008608		2.43538053226089		0.986455500125885	1.81925347153426	2.39869186710239	0.758435669243297	0.00314431596648645	99.2786090988936
524	1.85846710225411		2.47438030017146		0.986546039581299	1.84856681370228	2.43738709186706	0.758421516168064	0.00317145642833504	99.2724050525065
523	1.87581794599581		2.49761332009815		0.986623227596283	1.86591765744399	2.46050003175295	0.758348967024657	0.00321183553718265	99.2631754972791
522	1.89845061649864		2.52741790982281		0.986712396144867	1.88855032794681	2.49013096375743	0.758414057506888	0.00312326135202439	99.2834222466426
521	1.91581901852885		2.55086888629161		0.986819267272949	1.90591872997702	2.51354254603633	0.758259983696124	0.00321189248824411	99.2631624804366
520	1.93176938925369		2.57160077097439		0.98695296049118	1.92186910070186	2.5343444730547	0.758329864442379	0.00317956819129824	99.2705508574114
519	1.94826313308427		2.59364967225347		0.987108528614044	1.93836284453244	2.55650860673468	0.758207048247817	0.00329584381518725	99.2439762619286
518	1.96689412971392		2.61820381033896		0.987286388874054	1.9569938411621	2.58121121266484	0.758168812982063	0.00318476672028044	99.2693625905358
517	1.98989320341353		2.64862236490491		0.987494111061096	1.9799929148617	2.61179243550354	0.75809734646083	0.00328132269077305	99.2472946513624
516	2.01509218097397		2.68218576809111		0.987728297710419	2.00519189242214	2.64556335157701	0.75794514284712	0.00329419921785754	99.2443520822399
515	2.03664008433025		2.71035595840823		0.987989187240601	2.02673979577842	2.67409396995071	0.757916445178546	0.00334602034970162	99.2325106980058
514	2.05741629732096		2.73772690556449		0.988263189792633	2.04751600876914	2.70188528547784	0.757810118650919	0.00333174654968405	99.2357721907229
513	2.07467856379251		2.76003443721363		0.988561034202576	2.06477827524069	2.72475194073328	0.7577857801929	0.00325733276640717	99.252777108434
512	2.09240155413918		2.78329344590976		0.988881468772888	2.08250126558735	2.74863555111492	0.757649105114221	0.00325220568207972	99.2539488487691
511	2.11461741556164		2.81295523778342		0.989219486713409	2.10471712700981	2.77891710801765	0.757387516503224	0.00339637410293941	99.2210059704388
510	2.13518580689791		2.83979451990274		0.989577054977417	2.12528551834608	2.80648112716611	0.757277680499537	0.00338428383868059	99.2237682088052
509	2.1680912266883		2.88296656562867		0.989948749542236	2.15819093813647	2.85027338088297	0.757187346523195	0.00344583996497193	99.2097054052805
508	2.18978717386723		2.91148148250692		0.990337610244751	2.1798868853154	2.8796323883386	0.757001794445397	0.00350115881607727	99.1970692387307
507	2.2201065585117		2.95073168986961		0.990751147270203	2.21020626995988	2.91972202949738	0.756992017606677	0.00347563131268767	99.2029001393066
506	2.24582240313551		2.98446319608249		0.991183400154114	2.23592211458369	2.95442997834218	0.756803217870925	0.0035141083960695	99.1941114732383
505	2.27997604069435		3.02908673106043		0.991617441177368	2.27007575214253	2.99997320420283	0.756698676162258	0.00351561873248702	99.193766508647
504	2.31070602104031		3.06906707758036		0.992055416107178	2.30080573248849	3.04096094361835	0.756604828258935	0.00350651241671779	99.1958464319893
503	2.3465359647448		3.11512249731821		0.992499232292175	2.33663567619297	3.08803134813197	0.756674856168952	0.00352344481962804	99.1919790301079
502	2.38421515160596		3.16437893022686		0.99295300245285	2.37431486305413	3.13835251749172	0.756548172909449	0.00357778174252927	99.1795693634348
501	2.41753589121891		3.20776977478004		0.993394494056702	2.40763560266708	3.18285213315677	0.75643966541392	0.00357865917260892	99.1793689854582
500	2.46763834463199		3.27252071446271		0.993805527687073	2.45773805608017	3.24851893338039	0.756571873670028	0.00362150322294127	99.1695852178484
499	2.5154640524487		3.33460189097246		0.994185566902161	2.50556376389688	3.31148140277183	0.756629272264561	0.00353431082190504	99.1894972882679
498	2.58916465029874		3.43133813326171		0.994557678699493	2.57926436174691	3.40893062333313	0.756619786889356	0.00360169687607795	99.1741080291545
497	2.67975411526879		3.55063642380064		0.994921982288361	2.66985382671697	3.52887179642532	0.756574333310006	0.00366546853904521	99.1595464039556
496	2.78403306993024		3.68776443838942		0.995278537273407	2.77413278137842	3.66661702499479	0.75659191087249	0.00361377546829441	99.1713498385681
495	2.8805329718884		3.81370628358931		0.99499124288559	2.87063268333657	3.79086966241227	0.757249111410989	0.00364797452503332	99.1635407752982
494	2.97737886993892		3.93979967908156		0.99477756023407	2.96747858138709	3.91549042192723	0.757881711258658	0.00357034577781333	99.181267524758
493	3.02956173105853		4.0075180137719		0.994611084461212	3.01966144250671	3.98218857190068	0.758291926156937	0.00377793528826621	99.133870950034
492	3.05205767823427		4.03461145848786		0.994498908519745	3.04215738968244	4.00868384704421	0.758891822293635	0.00365912273708307	99.1609953089443
491	3.06277819821096		4.04632558197621		0.99443906545639	3.05287790965914	4.02009161017001	0.75940505980908	0.00373595320445406	99.1434544188921
490	3.07561186515187		4.06005733240962		0.99444317817688	3.06571157660004	4.033763681682	0.760012687535949	0.0037229743508387	99.1464173568596
489	3.10299613017916		4.09353450512742		0.994451105594635	3.09309584162734	4.06708724911847	0.760518683806884	0.00377666870523083	99.1341600659852
488	3.15134178428286		4.15518970507637		0.995079815387726	3.14144149573103	4.13101037947527	0.760453546991589	0.00390893615484324	99.1039726549993
487	3.25176816327611		4.28385368161303		0.995648920536041	3.24186787472428	4.26147713254705	0.76073806661181	0.00377403010333544	99.1347623678522
486	3.34991730839173		4.41220036078769		0.996206641197205	3.34001701983991	4.39172404702347	0.760525247961251	0.00393069693081265	99.0990070719478
485	3.48709841135921		4.58973519894548		0.996731162071228	3.47719812280739	4.57099087497277	0.760709924372382	0.00383348212868186	99.1211924072366
484	3.59393171171358		4.72707050113109		0.997203469276428	3.58403142316175	4.71010810696901	0.760923388968264	0.00389366122162856	99.1074583847258
483	3.68007666986545		4.83630469258914		0.99762898683548	3.67017638131363	4.82109315704501	0.761274727900754	0.00384441796307945	99.1186964987157
482	3.72483495826083		4.89087498045703		0.998053252696991	3.714934669709	4.87760749685014	0.761630506781866	0.00392225143146149	99.100934217635
481	3.73617072481709		4.90127394281782		0.99850869178772	3.72627043626527	4.89021673731948	0.761984721010092	0.00395224454841526	99.0940903745773
480	3.75300376918342		4.91800487536815		0.998985171318054	3.7431034806316	4.9092642590833	0.762457118438057	0.00393919954715594	99.097066930813
479	3.83745570976394		5.02424233832256		0.999535739421844	3.82755542121211	5.01815803023686	0.762741109018333	0.00401503375221935	99.0797646358589
478	3.97015553833526		5.1954677404704		1.00016474723816	3.96025524978343	5.19256956802222	0.762677360005375	0.00404828012806858	99.0721801116459
477	4.15432577685717		5.43493955347837		1.00086104869843	4.14442548830534	5.43586257613486	0.762422785760013	0.00413371276114644	99.0526929546188
476	4.39123230667225		5.74280236963102		1.00160253047943	4.38133201812043	5.74824587734695	0.762203307166566	0.00417440620281274	99.0434121409923
475	4.6891284724741		6.12821811516129		1.00243234634399	4.67922818392228	6.13936144126208	0.762168546141235	0.00416874022356614	99.0447043093292
474	5.01979106880909		6.55251059393465		1.00333368778229	5.00989078025727	6.57058861243933	0.762472143024237	0.00407013193158571	99.0671953571979
473	5.28354104334114		6.88855612481844		1.00434982776642	5.27364075478931	6.91475033744073	0.762665388833283	0.00417435182178246	99.043424542907
472	5.54542760235328		7.2211757890167		1.00542318820953	5.53552731380146	7.25656373548375	0.762830385783477	0.00421109657182047	99.0350450398836
471	5.75104375143403		7.48081719422922		1.0065370798111	5.7411434628822	7.52594186336484	0.762847171438997	0.00419839483507927	99.0379415433343
470	5.94262209539508		7.72033043790108		1.00769698619843	5.93272180684325	7.77597133111307	0.76295572015619	0.00418661794659812	99.040627220118
469	6.09179538581464		7.90562925307863		1.00889205932617	6.08189509726281	7.97213970809325	0.762893692277937	0.00422088020557325	99.0328140382567
468	6.16145947245034		7.9899118088942		1.01006615161896	6.15155918389851	8.06654819632291	0.762601181345779	0.00428588938029291	99.0179910092969
467	6.15242863752548		7.96964708729549		1.01115047931671	6.14252834897366	8.05471712602569	0.762600132675853	0.00423502110815755	99.0295895197896
466	6.10900405273806		7.90656299330928		1.01216447353363	6.09910376418624	7.99894301728496	0.762488712696996	0.00436284277597585	99.0004473933427
465	6.05077968773634		7.82540599900466		1.01307439804077	6.04087939918452	7.92391590417258	0.76236036225517	0.00438248927699509	98.9959689381048
464	5.98257617238387		7.73297124595604		1.01387333869934	5.97267588383204	7.83644780869156	0.762166230113551	0.00442871604385935	98.9854322625891
463	5.90308086020152		7.62696210331323		1.01454770565033	5.89318057164969	7.7341088052549	0.761972803853703	0.00440340966321926	98.9912003211638
462	5.84606097517545		7.55152863193496		1.01511299610138	5.83616068662362	7.66184463515153	0.761717440712396	0.00450485231477161	98.9680806234657
461	5.77227871228668		7.45437655712784		1.01557767391205	5.76237842373485	7.56668644063016	0.761545819157131	0.00443815615188492	98.9832806740776
460	5.68953272873059		7.34666153070278		1.01598358154297	5.67963244017877	7.46027400705366	0.761316867826664	0.00457478799707709	98.9521447935698
459	5.56769081027214		7.19117395808189		1.01623845100403	5.55779052172031	7.3041330401172	0.760910362830841	0.00455193330004767	98.9573522757992
458	5.47144989268795		7.06873776472347		1.01637935638428	5.46154960413612	7.18070416692706	0.760586911418934	0.00463189220149266	98.9391346995773
457	5.38971240522159		6.96453409082344		1.01642441749573	5.37981211666976	7.07510736442597	0.760385933324454	0.00454428623323084	98.9590947343815
456	5.31446057446759		6.87164552918288		1.01638066768646	5.30456028591576	6.98039269330181	0.759922903908525	0.00463709173738257	98.937950170361
455	5.2670845614733		6.81549738487599		1.01623702049255	5.25718427292148	6.92234631700613	0.759451208039989	0.00461587606990753	98.9427834943143
454	5.17836269903485		6.70893224858305		1.01600134372711	5.16846241048302	6.8124706255706	0.758676652649805	0.00474405758184608	98.9135849558487
453	5.07973650313988		6.58753371391189		1.01566588878632	5.06983621458805	6.68692098961398	0.758171993128443	0.00467339868826271	98.9296793188999
452	4.94327806862654		6.4171251574639		1.01526415348053	4.93337778007472	6.51126635384571	0.757667942298343	0.00474253643765237	98.9139314076117
451	4.77864771039765		6.21157607381258		1.01477611064911	4.76874742184583	6.29955005412447	0.75699810000297	0.00480455929138501	98.8998062310251
450	4.56417704475073		5.93911679755752		1.01419520378113	4.55427675619891	6.01961699614853	0.756572512688568	0.00485059244461445	98.8893238766501
449	4.34757654512794		5.66427955500337		1.0135600566864	4.33767625657612	5.7372831162468	0.756050585039583	0.00485834776714141	98.8875579970785
448	4.10736001776749		5.36008769830871		1.01285493373871	4.09745972921566	5.42518952656816	0.7552657301924	0.00495572712616034	98.865387493195
447	3.93709052381894		5.14624703754208		1.01211142539978	3.92719023526712	5.20477647144351	0.754535810867962	0.00502530988219857	98.8495485282735
446	3.76057658409457		4.92485334946188		1.01131975650787	3.75067629554275	4.97680550855584	0.753631277954262	0.00509878218405902	98.8328269490984
445	3.63008553236989		4.76345488819274		1.01049888134003	3.62018524381807	4.80967293532273	0.752688445243555	0.00522020676091653	98.8051981000039
444	3.57140997108091		4.69364841874511		1.00964379310608	3.56150968252909	4.73512330206617	0.752147189276998	0.00523476638100762	98.8018857345611
443	3.51743255430441		4.62926821880704		1.00880837440491	3.50753226575258	4.66625799129532	0.751679884030355	0.00535216523131124	98.7751811351221
442	3.49701898016723		4.60694999379857		1.00797557830811	3.4871186916154	4.63990965492627	0.751548834127206	0.00540811662002591	98.7624564683434
441	3.45909667807266		4.56108798226307		1.00718784332275	3.44919638952084	4.59009189550929	0.751443863878925	0.00543852412156303	98.7555417721144
440	3.44574855800881		4.54716074843201		1.00642335414886	3.43584826945699	4.5725911692442	0.751400714012422	0.00555306103529211	98.7295003094213
439	3.42871498874094		4.52716210349238		1.00571870803833	3.41881470018911	4.54927666364191	0.751507317088996	0.00563161487759342	98.711644037789
438	3.4216127548826		4.51837505518765		1.00510931015015	3.41171246633077	4.53768816392748	0.751861375898923	0.00564742357094261	98.7080509142884
437	3.42870087741287		4.52606912253972		1.00464129447937	3.41880058886104	4.54330502807316	0.752491978358533	0.00561369162565467	98.7157179329168
436	3.44366478116167		4.54420465713522		1.00431418418884	3.43376449260984	4.56003950672585	0.753012005169078	0.00576216393772459	98.6819757453994
435	3.48072498609171		4.58966716916059		1.00416374206543	3.47082469753988	4.60500823781056	0.753706512192925	0.00569876533250273	98.6963824591736
434	3.52202237362201		4.63980796485868		1.00418722629547	3.51212208507018	4.65546668101859	0.754408166938433	0.00576061370098684	98.6823279964723
433	3.58823801056445		4.72136080877109		1.00440275669098	3.57833772201263	4.73837779291411	0.755182021864901	0.00577926580487189	98.6780898732981
432	3.65144424810486		4.79855787877513		1.00481104850769	3.64154395955304	4.81787242222806	0.755840678294461	0.00583160901927276	98.6661974422868
431	3.7223191867865		4.88628583252615		1.00536251068115	3.71241889823468	4.90871497131599	0.756291396002446	0.00586722217878292	98.6581069159099
430	3.7863161836011		4.96390671844646		1.00603294372559	3.77641589504927	4.99007755069391	0.756785011191687	0.0058559591152019	98.6606655644452
429	3.83439017022541		5.02285778022262		1.0067173242569	3.82448988167358	5.0528192381671	0.756902177062821	0.00594667220258653	98.6400600091818
428	3.87437704750703		5.07191317553442		1.00732290744781	3.86447675895521	5.10527334678837	0.756957854447946	0.00600117587687734	98.6276815227325
427	3.89055114412209		5.0906068400105		1.00784730911255	3.88065085557027	5.12677145760268	0.756938530937536	0.00597731996483477	98.6330993164555
426	3.90818868067271		5.1131518716587		1.00823533535004	3.89828839212089	5.15147598771186	0.756732323205955	0.00603640489299228	98.6196813859449
425	3.89199712800303		5.09331835123014		1.00844466686249	3.88209683945121	5.13254453790088	0.756368855795437	0.00607116830784677	98.6117876183961
424	3.85522005295468		5.05023450130463		1.00845658779144	3.84531976440285	5.08915701795718	0.75559070998096	0.00610492005556801	98.6041241757604
423	3.7995491059115		4.98425616904874		1.00823640823364	3.78964881735968	5.0215241292654	0.754680993221487	0.00623158907792996	98.5753688789759
422	3.72395048560811		4.89321011228363		1.00780355930328	3.71405019705628	4.92761178394104	0.75372215992345	0.00628763794221026	98.562647830945
421	3.64410038827093		4.79641926794383		1.00717306137085	3.6342000997191	4.82704386064548	0.752883173353459	0.00631281659432614	98.5569337295981
420	3.53237220268221		4.65947354095198		1.00632703304291	3.52247191413039	4.68517694250193	0.751833272757752	0.00636939279095203	98.544095405571
419	3.59798775417784		4.7569875908553		1.00541400909424	3.58808746562601	4.77896815045619	0.750807988808944	0.00650915912831758	98.5123866645404
418	3.45455036461427		4.58171401977831		1.00442969799042	3.44465007606244	4.59823950929209	0.749123674202163	0.00667022909892737	98.4758574296028
417	3.33444667857074		4.43638416196058		1.00336182117462	3.32454639001891	4.4475323805709	0.747503583007565	0.00676416772238352	98.4545592402897
416	3.22156020441244		4.30053218496436		1.00222516059875	3.21165991586061	4.30633971457945	0.745798085782058	0.0068589415403239	98.4330763598542
415	3.1335842404085		4.19532168733788		1.00108110904694	3.12368395185668	4.19609973660183	0.744425573255406	0.00698058045604025	98.4055106951478
414	3.06742758784082		4.11601466861181		1	3.057527299289	4.11226117558005	0.743514861712965	0.00701533501092542	98.397636077754
413	3.00487543965327		4.04179420992401		0.998973429203033	2.99497515110144	4.03389538221532	0.742452361136018	0.00712178491692432	98.3735207920204
412	2.93291938525329		3.9552542078284		0.997905433177948	2.92301909670146	3.94322403250211	0.741276446027012	0.00722975735106571	98.3490666285552
411	2.85457043537104		3.86071062910461		0.996788322925568	2.84467014681922	3.84456983526186	0.739918968496372	0.00730002100327495	98.3331562131031
410	2.78396820176644		3.77526070268824		0.99567312002182	2.77406791321461	3.75518835062345	0.738729366998076	0.0073606527970032	98.3194288927551
409	2.72552434213669		3.7051594334371		0.994610667228699	2.71562405358486	3.68145783207082	0.737649099204084	0.00752084107204974	98.2831707404412
408	2.67656947172683		3.64583693611555		0.993608474731445	2.66666918317501	3.61880497472713	0.736892206625775	0.0075213763802341	98.2830495974024
407	2.63634887862583		3.59723953640739		0.992691278457642	2.626448590074	3.56722225451824	0.736272764262821	0.00772311522570568	98.2374056729492
406	2.61000936457092		3.5666692850647		0.991901516914368	2.60010907601909	3.53406157875563	0.735728288281443	0.00773759428783297	98.2341305638956
405	2.59256938661326		3.54750032762176		0.991254270076752	2.58266909806144	3.51275418185831	0.735226253917704	0.00789219242501068	98.1991678566081
404	2.58114536322141		3.53554932669295		0.990834653377533	2.57124507466958	3.4994257006459	0.734762013719851	0.00799536034381591	98.1758431288742
403	2.59255992616408		3.55372435103439		0.990659058094025	2.58265963761225	3.51681078645012	0.734375488031074	0.00805853393222537	98.1615632577321
402	2.60983141047007		3.57958680210293		0.99070817232132	2.59993112191824	3.54260728215559	0.733903285022393	0.0081913189193736	98.1315550719529
401	2.63097269456528		3.60971558616223		0.991027057170868	2.62107240601345	3.57360600142479	0.733453101704115	0.00827939347984666	98.1116560918484
400	2.64373404705335		3.62702157974542		0.991591811180115	2.63383375850152	3.5928029644955	0.733086056911379	0.00834320534850781	98.097241383747
399	2.65772822424352		3.64543783943746		0.992447733879089	2.6478279356917	3.61418137709328	0.732621763941804	0.00840358004746134	98.0836050609073
398	2.67220973053331		3.6635859472751		0.99357545375824	2.66230944198149	3.63631969140395	0.732143944404843	0.00851540999741662	98.0583519826009
397	2.67348433990322		3.66270127930988		0.99498325586319	2.6635840513514	3.64059178142441	0.731634913022093	0.00859931189247581	98.0394097965214
396	2.67816295316578		3.66597311767571		0.996666491031647	2.66826266461395	3.65001158268112	0.73102854721737	0.00873347775301702	98.0091273250906
395	2.67043380280604		3.65143351812444		0.998634338378906	2.66053351425421	3.64269852847637	0.73037433470154	0.00885567905761406	97.9815535039553
394	2.66651882479434		3.64166856455017		1.00088000297546	2.65661853624251	3.64111644760583	0.729616471889916	0.00895058772458566	97.9601434170674
393	2.66450896152112		3.63465887219537		1.00338685512543	2.65460867296929	3.64320272965697	0.728646981777827	0.00904622664117981	97.9385733284102
392	2.65719521643315		3.62022863543662		1.00611889362335	2.64729492788133	3.63860396909273	0.727557862951877	0.00917423103063431	97.9097110691217
391	2.67134648590786		3.63437277600511		1.00907671451569	2.66144619735603	3.66357337772004	0.726461823732418	0.00928354986656904	97.8850687374902
390	2.67337446441538		3.63186257093701		1.01226460933685	2.66347417586355	3.67260641837725	0.725227228960847	0.0094635066263553	97.84451691955
389	2.68314715724742		3.63912641368142		1.01579105854034	2.6732468686956	3.69277930725562	0.723911895694163	0.00949617153052221	97.8371579460654
388	2.70186009662577		3.65855320803739		1.0196373462677	2.69195980807395	3.72657028254829	0.722369257512874	0.0096561664179848	97.8011211951914
387	2.71485924208165		3.67052156736457		1.02374601364136	2.70495895352982	3.75383919904561	0.720584662821343	0.00979661889592695	97.7694970566733
386	2.73312242560242		3.68988116201378		1.02809154987335	2.72322213705059	3.78967670823476	0.718589564944466	0.00990769919294673	97.7444935706321
385	2.74881178100848		3.70639141585405		1.03263711929321	2.73891149245665	3.82348135840902	0.716339700841732	0.0100836397961123	97.704903516217
384	2.77453523061272		3.7358102023576		1.03739488124847	2.7646349420609	3.87161652678364	0.714077678648	0.0101697544151516	97.685531899082
383	2.78359178575232		3.74287577850124		1.04228162765503	2.77369149720049	3.89721846170032	0.711710550603919	0.0103321193140906	97.6490181101395
382	2.8005487558994		3.76134507774384		1.04716074466705	2.79064846734758	3.93480240200176	0.70922200970699	0.0104798731800363	97.6158020171647
381	2.80723631690784		3.76602206747125		1.05201208591461	2.79733602835601	3.95795201076708	0.706763503131476	0.0106350523506071	97.5809288288895
380	2.81078200781164		3.76740778523915		1.05682492256165	2.80088171925981	3.97752365591088	0.704177262427467	0.0108345487357913	97.5361146005381
379	2.81543554783211		3.77041772175056		1.061567902565	2.80553525928028	3.99856984494764	0.701634676414417	0.0109411439315161	97.5121778345074
378	2.81019008886869		3.7602114962054		1.06622624397278	2.80028980031687	4.00523410736532	0.699157583614738	0.0110621108122627	97.4850209125142
377	2.80696568702611		3.75341786830286		1.07074952125549	2.79706539847428	4.01495133469031	0.696662341659499	0.0113017963122471	97.4312341378627
376	2.80896854346342		3.75414406458902		1.07512474060059	2.79906825491159	4.03213769039639	0.694189650710173	0.0115003481408417	97.3867004653242
375	2.80806444190453		3.75055324429087		1.07931578159332	2.7981641533527	4.04398010200389	0.691933214994342	0.0116932137768137	97.343461652137
374	2.8123450571218		3.75496230189044		1.08323669433594	2.80244476856997	4.06344702987193	0.689671785547627	0.0118832616958198	97.3008733258285
373	2.81307274266577		3.75452561976328		1.08680582046509	2.80317245411394	4.07636097857003	0.687665412570327	0.0120661842637683	97.2598993356972
372	2.81633245944962		3.75784335656643		1.08998930454254	2.80643217089779	4.09191779954436	0.685847641223461	0.0122359701682771	97.2218833507616
371	2.82775498137663		3.77229261187979		1.09271693229675	2.81785469282481	4.11794650518792	0.684286376541021	0.0124682162904779	97.1699062475203
370	2.82710898528546		3.77133283405159		1.09493815898895	2.81720869673364	4.12526638750106	0.682915582195941	0.0126742109869765	97.1238275156512
369	2.84151901940757		3.78985994579397		1.09609699249268	2.83161873085574	4.14993989612977	0.682327648527274	0.0128453511372498	97.0855619780295
368	2.84245440758743		3.79127648631565		1.09620356559753	2.8325541190356	4.15189621002044	0.682231437336834	0.0131022156414867	97.0281574691817
367	2.86645371169075		3.82289410093541		1.09532988071442	2.85655342313892	4.18321882648668	0.682860147083921	0.0133114024603568	96.981433126606
366	2.86833503492542		3.82569502865859		1.09350752830505	2.85843474637359	4.17932184194971	0.683947026448696	0.013502514916933	96.9387655744038
365	2.88921593083808		3.85376368089018		1.09079897403717	2.87931564228625	4.19958716294862	0.685618735977043	0.0137570816224958	96.8819604521451
364	2.90482470763118		3.87495823646956		1.08727586269379	2.89492441907935	4.20906747708561	0.68778284853818	0.0139630855687843	96.8360162039761
363	2.91931829888185		3.89440111969265		1.08299589157104	2.90941801033003	4.21355539522438	0.690490034527029	0.0141588928852371	96.7923662672415
362	2.94771556439339		3.93216631729565		1.07849431037903	2.93781527584156	4.23677087978861	0.693409051184787	0.0143830383425185	96.7424232622718
361	2.96217893103481		3.95174898323303		1.07380759716034	2.95227864248299	4.23938755093288	0.696392723480385	0.0145741733406015	96.6998558447819
360	2.97790893585477		3.97301232543322		1.06893277168274	2.96800864730294	4.24287084524508	0.699528398473204	0.0148204158720358	96.6450431104886
359	3.00877124041895		4.01398183210545		1.06376707553864	2.99887095186712	4.26594887249858	0.702978643555725	0.0150003601959961	96.6050077765002
358	3.01962595228964		4.02868041603109		1.05833911895752	3.00972566373781	4.25973761355551	0.706551890463896	0.0152228825695875	96.5555223000694
357	3.04441326908512		4.06166634119226		1.05269610881805	3.0345129805333	4.27174906518134	0.710367798817434	0.0154709672440241	96.5003820532175
356	3.0619462524135		4.08507227371592		1.04688131809235	3.05204596386168	4.27265638467768	0.714320481002574	0.0156175037597971	96.4678270819576
355	3.07695346670901		4.1054057209003		1.0409619808197	3.06705317815718	4.26966402775557	0.718335952950714	0.0159393421715106	96.3963650843626
354	3.09893526593758		4.13498969295005		1.03497338294983	3.08903497738575	4.27571950559423	0.722459687391595	0.0161283012213784	96.3544326991338
353	3.11160391823071		4.1521217241316		1.02894842624664	3.10170362967888	4.26845696288174	0.726656882487306	0.0163928230613337	96.2957626207862
352	3.12635804414832		4.17204417278246		1.02306663990021	3.11645775559649	4.2644391398599	0.730801320733323	0.0166596306159678	96.2366217668367
351	3.13770781216937		4.18772766881354		1.01734268665314	3.12780752361754	4.25653552887718	0.734824718928781	0.0169223862344749	96.1784145682114
350	3.14463575403622		4.19750657502447		1.01178658008575	3.13473546548439	4.24318308855349	0.738769786752952	0.017170808067875	96.1234150531717
349	3.15854379841424		4.21628959496895		1.00650131702423	3.14864350986241	4.23992313461189	0.742618064030217	0.0173600117296902	96.0815472841423
348	3.1616255855113		4.22095652610264		1.00149571895599	3.15172529695947	4.22351078358872	0.746233514829919	0.0176452371648184	96.0184658841272
347	3.17350458937008		4.23728314957256		0.99670946598053	3.16360430081826	4.21959908318351	0.749740493931345	0.0178864618548667	95.9651481601734
346	3.17613104199631		4.24173372328524		0.99214780330658	3.16623075344448	4.2047027759027	0.753021300718391	0.0182678974431748	95.8809001341899
345	3.18805926460489		4.25843919196849		0.987797260284424	3.17815897605307	4.20276687678102	0.75620634435172	0.0184663944230632	95.8370871888301
344	3.20018148135333		4.27514201172597		0.983641147613525	3.19028119280151	4.20151350443161	0.759317134036702	0.0187678368549246	95.7705900488965
343	3.20332952821575		4.28076652342225		0.979665756225586	3.19342923966393	4.19004320480418	0.762147090990002	0.019047875931839	95.7088557561208
342	3.21008834166531		4.29055694086359		0.975760638713837	3.20018805311348	4.18289407029706	0.765065526243702	0.0192703932831631	95.6598304357211
341	3.20770091491703		4.28903194086969		0.971918165683746	3.19780062636521	4.16493996846673	0.767790328450386	0.0195917494645435	95.5890731303673
340	3.21637470638628		4.30278162343193		0.968130171298981	3.20647441783446	4.16201884030345	0.770413239551956	0.0199101700048192	95.5190138271644
339	3.21010905699726		4.2964644847853		0.964619815349579	3.20020876844543	4.14083408421441	0.772841582966387	0.020189808141584	95.4575298281571
338	3.20449971864076		4.2922206737671		0.961340546607971	3.19459943008894	4.12267738363846	0.774884652087318	0.0204847697143188	95.3927195555231
337	3.19746856632511		4.28688021968688		0.958259046077728	3.18756827777328	4.10434493131455	0.776632649330561	0.0208303427558555	95.3168446786465
336	3.18136758982694		4.27048224611959		0.955322027206421	3.17146730127512	4.07609996193979	0.778064162039304	0.0212028744455778	95.2351182886629
335	3.16514603227458		4.25319641855194		0.952541172504425	3.15524574372275	4.04776934676562	0.779502356339536	0.0214710951028203	95.1763191542021
334	3.14172752650878		4.22718476094103		0.949889779090881	3.13182723795695	4.01179419407986	0.780655010313973	0.0216665515116534	95.1334942121312
333	3.11303723121326		4.19519185335403		0.94739955663681	3.10313694266144	3.97096684423983	0.781456271074828	0.0220226915527615	95.0555126584253
332	3.06835529779805		4.14405684379273		0.944806516170502	3.05845500924623	3.91178558472152	0.781856505937289	0.0223296116800343	94.9883597362657
331	3.03324329842663		4.1063087726545		0.942112147808075	3.02334300987481	3.86506716598673	0.782222631596355	0.0227121841843187	94.9047207888555
330	2.98592402371337		4.05350716153736		0.939315378665924	2.97602373516154	3.80399590063605	0.782341467472122	0.0230492057562525	94.8311013158097
329	2.93213824511969		3.99227382437969		0.936610460281372	2.92223795656787	3.7356898633854	0.782248544026523	0.0234601584634303	94.7414094892323
328	2.88266126777833		3.93631530409548		0.933943271636963	2.8727609792265	3.67278964373943	0.782174112291828	0.0237777494136293	94.6721522998193
327	2.84001501550733		3.88837210360346		0.931326270103455	2.8301147269555	3.6178473613582	0.782264823326607	0.0241644575398398	94.587891049741
326	2.79191804304326		3.83415596612478		0.92875337600708	2.78201775449144	3.55749922835101	0.782014998716099	0.0245487144870275	94.5042381798537
325	2.74092813846185		3.77622665727422		0.926237106323242	2.73102784991003	3.49420462733002	0.781587840777616	0.0249867182136846	94.4089748415517
324	2.69991726216088		3.72945022923848		0.923812508583069	2.69001697360906	3.44184524809488	0.781562440989475	0.025351303824588	94.3297527662869
323	2.65545660560026		3.67852666987165		0.921528518199921	2.64555631704843	3.38640828037407	0.781227807757485	0.0257545947005579	94.2421977260994
322	2.60597044857143		3.6203776466665		0.919212281703949	2.59607016001961	3.3244453403282	0.780903246784414	0.0262337369679065	94.1382808629558
321	2.57507879830424		3.58639374787651		0.916910946369171	2.56517850975242	3.28496206656999	0.780885275923708	0.0266455081144657	94.0490670720247
320	2.54442798055562		3.55059308883987		0.914670467376709	2.5345276920038	3.24418943080802	0.7812514484928	0.026988533745464	93.9748121492165
319	2.51667663789308		3.51974510312329		0.912529110908508	2.50677634934125	3.2084446979186	0.781305768170934	0.0273854925470035	93.8889554621537
318	2.4851032249333		3.48401673412543		0.910539090633392	2.47520293638147	3.16891572671025	0.781088280612327	0.0278637253201361	93.7856245087377
317	2.46690350576774		3.46633993976247		0.908678650856018	2.45700321721591	3.14637838088759	0.7808988366246	0.0282578417893846	93.700553907247
316	2.42969983159999		3.42360196385902		0.906927943229675	2.41979954304817	3.10155613980452	0.780188858100334	0.0288841121293883	93.5655312677739
315	2.40971830091812		3.4035962754624		0.905307412147522	2.39981801236629	3.07790287107071	0.779692574097202	0.0293299244764656	93.4695335779607
314	2.37807447780237		3.36609654416693		0.903821349143982	2.36817418925055	3.03895743276188	0.77927191862582	0.0297794634321714	93.3728331610478
313	2.36023974886973		3.34787624394677		0.902508914470673	2.3503394603179	3.01810059378498	0.77874788705116	0.0301691347623193	93.2890918302798
312	2.32832189011055		3.30994735005535		0.901354432106018	2.31842160155872	2.9800524864299	0.777980123543457	0.0306350838488173	93.1890568099231
311	2.30292411189172		3.28201423249119		0.900331139564514	2.29302382333989	2.95152022734711	0.776895852548811	0.0311498672669493	93.0786622206998
310	2.27498019110494		3.25087368085781		0.899488806724548	2.26507990255312	2.92074826303884	0.775513566580522	0.0316306415284194	92.9756789535118
309	2.24002923909616		3.21063992857717		0.898925364017487	2.23012895054433	2.88275155643539	0.773611220698448	0.0322343611196459	92.846521792088
308	2.21195748627864		3.17963096874013		0.898677170276642	2.20205719772682	2.85408858301492	0.771544797464088	0.0327576952507847	92.7347071323473
307	2.17754059188491		3.13865184292732		0.898729979991913	2.16764030333309	2.81742713127831	0.769368719165275	0.0332448192531801	92.630750073582
306	2.15440076043441		3.11268271461311		0.899035274982452	2.14450047188258	2.79503703762537	0.767252971253834	0.0336509597306869	92.5441647887151
305	2.12995785281723		3.08516223132464		0.899677276611328	2.12005756426541	2.77227342179369	0.764736099837407	0.0341234979637801	92.4435259922714
304	2.09407630999186		3.04128361821872		0.900652170181274	2.08417602144003	2.73575809924064	0.761827597995064	0.0344944757639614	92.3645937142983
303	2.06066019684413		3.0035816774514		0.901984810829163	2.05075990829231	2.70579945744374	0.757912750204233	0.0351009090463522	92.2357091048412
302	2.01568083911371		2.94934101604705		0.903549313545227	2.00578055056188	2.66148358440785	0.753632508692759	0.0357427209902185	92.099501389606
301	1.97899083681891		2.90617957823123		0.905354738235474	1.96909054826708	2.62772520861357	0.749351774611928	0.0363117782249436	91.9789021917203
300	1.93456182088315		2.85215788655256		0.907451450824738	1.92466153233133	2.584788699436	0.744610781048094	0.0369291099540702	91.8482508481421
299	1.89514456029847		2.80411182961563		0.910263776779175	1.88524427174664	2.54906475579388	0.739582730278463	0.0374495629535255	91.7382469959072
298	1.85678311025644		2.75777619747656		0.913794457912445	1.84688282170462	2.5166106842867	0.733877048697379	0.0379972144999342	91.6226366642486
297	1.80518730968136		2.69296925193474		0.917980194091797	1.79528702112953	2.46864680431247	0.727235268323258	0.0386307036298974	91.4890875735516
296	1.76486361599483		2.64397350017739		0.922788560390472	1.754963327443	2.43636481950804	0.720320418925345	0.0392489678025034	91.3589358360507
295	1.72027493209096		2.5884152240322		0.928298592567444	1.71037464353914	2.39933784715064	0.712852775431485	0.0397822730270578	91.2468176832696
294	1.66712315007679		2.52149869597928		0.934404373168945	1.65722286152496	2.35259212815929	0.70442421433315	0.0404885473028763	91.0985475373743
293	1.61626747401046		2.45756942377379		0.941053092479706	1.60636718545864	2.30917107000075	0.695646678727062	0.0411672708222892	90.9562882192731
292	1.57057467634148		2.39949089617383		0.947771847248077	1.56067438778966	2.27061246409727	0.687336307919959	0.0417099501724291	90.8427033708741
291	1.52273976442324		2.33847307415202		0.954483270645142	1.51283947587142	2.22845078182691	0.678874978172582	0.0423176731325098	90.7156730026445
290	1.46630995507841		2.26497264719962		0.961205065250397	1.45640966652659	2.17349530462736	0.670077208552465	0.0429519650110541	90.5832784675347
289	1.41295833175644		2.19657850684791		0.967701375484467	1.40305804320462	2.12199978206663	0.661196129736719	0.0435759515929917	90.4532234779723
288	1.3466104194239		2.11053235240657		0.973872363567352	1.33671013087207	2.05173370729308	0.65150273942501	0.0443741745413768	90.2871252894358
287	1.28773078098729		2.03481078288492		0.979641914367676	1.27783049243547	1.98970885162217	0.642219836029617	0.0451405509412084	90.1279408894776
286	1.23434674799748		1.96570504585637		0.985037505626678	1.22444645944566	1.93259586375474	0.633576053022666	0.0458175098898143	89.9875628942903
285	1.18182979264092		1.89761785130421		0.990005016326904	1.1719295040891	1.87493521493246	0.625050665620633	0.0464528743421179	89.8560090788633
284	1.13193349157077		1.83240374023667		0.994526863098145	1.12203320301894	1.81864179405634	0.616962178415757	0.0471876841367419	89.7041046633996
283	1.08809740776155		1.77571389671319		0.998537302017212	1.07819711920973	1.76936856077338	0.609368304101917	0.047762212783585	89.5855134643793
282	1.03563266187744		1.70662678761425		1.00214016437531	1.02573237332562	1.70651772334321	0.601067518546552	0.048583233429512	89.4163147306153
281	0.986090012234095		1.63982142899447		1.00528156757355	0.97618972368227	1.64470893932141	0.593533421229555	0.0490993192639001	89.3101216116419
280	0.940593741663936		1.58170373971254		1.00794303417206	0.930693453112111	1.59048395941197	0.585163684050108	0.0501768302778139	89.0888124243308
279	0.894616924525873		1.52026604311965		1.00999760627747	0.884716635974048	1.5316740454785	0.577614172274922	0.050960566361235	88.9281860370445
278	0.861014422218736		1.47671544972678		1.01076138019562	0.85111413366691	1.48881306032469	0.571672936212215	0.0516400675551566	88.7891569598354
277	0.829142567182515		1.43504061011059		1.01021814346313	0.81924227863069	1.44591221417807	0.566591989885352	0.0523856434738701	88.6368587639112
276	0.797211720142136		1.39275189110232		1.00850391387939	0.78731143159031	1.40081032082636	0.562039999195509	0.0531605229491466	88.4788515844423
275	0.771789276090887		1.36054652318901		1.00567150115967	0.761888987539062	1.36448808340122	0.558369836136586	0.0539090592171296	88.3264835732308
274	0.746548597785982		1.3282081215238		1.00166654586792	0.736648309234157	1.3266618928804	0.555264542674679	0.0547171014297058	88.1622973472576
273	0.728254757832225		1.3061624245904		0.996584177017212	0.7183544692804	1.29796013319723	0.553448793154297	0.0554270530897199	88.018294049171
272	0.708662520056508		1.2811917200393		0.990479826927185	0.698762231504683	1.2652767939966	0.552260370869144	0.0562287838221355	87.8559574799502
271	0.694222320834423		1.2644067423842		0.984030902385712	0.684322032282598	1.24052175455576	0.551640493017921	0.056976454972842	87.7048368530855
270	0.682098785726616		1.25021632190868		0.977289319038391	0.672198497174791	1.21815480923979	0.551816971107546	0.0576478829255415	87.5693481827443
269	0.669600860971868		1.23694652368289		0.969450056552887	0.659700572420043	1.19551905330537	0.551811006772419	0.0584728318462478	87.403166766707
268	0.655003001838304		1.21886551942165		0.960526764392853	0.645102713286478	1.16714762308312	0.552717326007473	0.0592155739550039	87.2538152679754
267	0.644484695911094		1.20747651800231		0.95069831609726	0.634584407359269	1.144377452887	0.554523689503284	0.0598910358468721	87.1182141470277
266	0.632482559728584		1.19370722484444		0.940096080303192	0.622582271176758	1.11867083901925	0.55653749920091	0.0606441448935214	86.9672735660438
265	0.620052902795828		1.17788210894088		0.928679645061493	0.610152614244003	1.09038934627902	0.559573161940884	0.0612764070595661	86.8407554705068
264	0.607971047070179		1.16345380089306		0.916590332984924	0.598070758518354	1.06297009134531	0.562641191307113	0.0620147418648335	86.6932447758535
263	0.593244972910272		1.14379094239009		0.903754353523254	0.583344684358446	1.03031380803713	0.566181565080435	0.0627306224516598	86.5504594289105
262	0.581099611630677		1.12792924811753		0.890914976596832	0.571199323078852	1.00154501653296	0.570318172073949	0.06337081689717	86.4229691972942
261	0.566097798946481		1.10700405441452		0.878135800361633	0.556197510394656	0.96880381471927	0.574107473509304	0.064132917518561	86.2714470232581
260	0.551665050591065		1.08664146752079		0.865367650985718	0.54176476203924	0.93709622276425	0.578131411565336	0.0648215688673584	86.1347566613279
259	0.534875263365674		1.0621093722819		0.85245943069458	0.524974974813848	0.902205450297833	0.58187963134178	0.0655216307825283	85.9960234025832
258	0.515422564163618		1.03280408217683		0.839563012123108	0.505522275611792	0.863952812249691	0.585127183387987	0.0664589798796838	85.8106161010652
257	0.49871391707462		1.00756931817854		0.826433718204498	0.488813628522795	0.829587244768569	0.589225101525229	0.0671751467129302	85.6692279943781
256	0.482461568811925		0.982798250467463		0.81306129693985	0.472561280260099	0.796023400242832	0.593652498300856	0.0679173266345934	85.5229500980442
255	0.468033468283639		0.960666126227286		0.799651682376862	0.458133179731814	0.765196797022473	0.598712882116728	0.0686298552564855	85.3827512449504
254	0.449873042025638		0.931827028747306		0.786224722862244	0.439972753473813	0.729674358413736	0.602971378123091	0.069472494842432	85.2172480280753
253	0.432208839215361		0.903834458363553		0.772798895835876	0.422308550663536	0.695581576171298	0.607130155729622	0.070349986615399	85.0452404522431
252	0.414892014943736		0.875690366679137		0.759391844272614	0.404991726391911	0.662141750568376	0.611639012408248	0.0712178518560439	84.8754613877332
251	0.39623310541136		0.845320394571485		0.746072351932526	0.386332816859534	0.627869797540309	0.615307215561251	0.0722644324442534	84.671171284966
250	0.379335395823118		0.817511102080067		0.732924580574036	0.369435107271292	0.596422954300658	0.619417989544814	0.0731695969417958	84.4948818587294
249	0.360418945398216		0.785563296421591		0.720633029937744	0.350518656846391	0.563397967451844	0.622151085194234	0.0742465313055938	84.2856166789407
248	0.342784922946705		0.75550951541375		0.708929538726807	0.33288463439488	0.532942050182362	0.624616943401208	0.0753657207908345	84.0686898318162
247	0.326738171607016		0.727816339254875		0.697923898696899	0.316837883055191	0.505340764537609	0.626978675162097	0.0764406266359509	83.8608718847433
246	0.309638768293995		0.697535029866596		0.6875981092453	0.299738479742169	0.47704287295693	0.628326082903729	0.0776536504801057	83.6269676798979
245	0.294087979476738		0.669603950876641		0.678074300289154	0.284187690924913	0.451496083300379	0.629435561982148	0.0788047109530794	83.4056150043654
244	0.27502802929655		0.634299525968882		0.669374763965607	0.265127740744725	0.422071601966734	0.628158207065589	0.0803914893494373	83.101432585471
243	0.258165814703284		0.602583911776764		0.661558091640472	0.248265526151458	0.396161109041208	0.626678188458004	0.0820060706656614	82.7930590631984
242	0.240996933546301		0.569336325850044		0.653966724872589	0.231096644994476	0.369872352822333	0.624801078618283	0.0838733257522551	82.4378533224068
241	0.226750263071001		0.54123367093304		0.646870613098145	0.216849974519176	0.347680132207099	0.623705395941368	0.0856444184149192	82.1023487823647
240	0.213489118104459		0.514268076558367		0.640305876731873	0.203588829552634	0.32688548798941	0.622813912005875	0.0873829633532599	81.7743379330452
239	0.199574578059961		0.48534284931799		0.63483726978302	0.189674289508136	0.305730872101311	0.620396259640025	0.089424178099175	81.3908945790697
238	0.185926871510491		0.456545119940872		0.630380034446716	0.176026582958666	0.28543080136815	0.616704932035789	0.0918616078214013	80.9353766573242
237	0.170062720572904		0.422168844443468		0.626808166503906	0.160162432021079	0.262266159255459	0.610686611173018	0.0948819638827473	80.3744540787705
236	0.156202259202507		0.391500883445405		0.624054491519928	0.146301970650681	0.241975500562765	0.604614807327293	0.0980160026065122	79.7965283809623
235	0.141887085919864		0.359162320037026		0.622274458408356	0.131986797368038	0.22116183533825	0.596788307377604	0.101657834320195	79.1301821950763
234	0.128592787991723		0.32849640371669		0.621340751647949	0.118692499439897	0.201776004217316	0.588238923157899	0.105299298769817	78.4694667352764
233	0.118425358299073		0.30484602997086		0.621121406555176	0.108525069747248	0.187015020046879	0.580301356115912	0.108695939182906	77.8581465316113
232	0.106352879099266		0.276363661615432		0.621190249919891	0.0964525905474405	0.169342778753193	0.569570142037259	0.113563207230618	76.9904384297587
231	0.0949152492545264		0.24891038261136		0.621524631977081	0.0850149607027011	0.152371045572606	0.557946953656567	0.119159475732291	76.0047131486989
230	0.084909049839248		0.224490299090774		0.621933937072754	0.0750087612874227	0.137283710849146	0.546377722626146	0.124602053707878	75.0581656203428
229	0.0745840319514276		0.199187330785202		0.62280935049057	0.0646837433996023	0.121718021555099	0.53142289509135	0.13192515120945	73.8031415716705
228	0.0647473866736553		0.174538752812099		0.623824656009674	0.05484709812183	0.106540055933991	0.514802603030464	0.140594101647842	72.344563123019
227	0.0567688005086367		0.154210508302567		0.624672889709473	0.0468685119568114	0.0939864185062761	0.498673241322433	0.14952250237577	70.8724583902917
226	0.0511910480361123		0.139815326704204		0.625293791294098	0.041290759484287	0.085078619827468	0.485324745135982	0.157374007640789	69.6026848459828
225	0.0457875478822275		0.125624516557355		0.625641524791718	0.0358872593304023	0.0762475729864793	0.470667562582825	0.166578234097459	68.1430810269215
224	0.0413909302011261		0.11398000633472		0.625679969787598	0.0314906416493008	0.0689665215131865	0.456607654821039	0.175974853990445	66.68453789946
223	0.0366724148238622		0.101168941856491		0.625520944595337	0.0267721262720369	0.060935403567023	0.439352571819602	0.188138791241739	64.8427176954496
222	0.0324459847107453		0.0894697689296058		0.62475597858429	0.02254569615892	0.0535517558291582	0.421007599281072	0.202184070362916	62.7792220423284
221	0.0289000689305415		0.0794281614944494		0.623277485370636	0.0189997803787162	0.0471663170656801	0.402825184596428	0.217226374585611	60.6420152661125
220	0.0261751679328237		0.0715431609156047		0.621200323104858	0.0162748793809985	0.0421109635926139	0.386476062111602	0.232012553979645	58.6121221493702
219	0.0238034222605381		0.0645753690046649		0.618524014949799	0.0139031337087128	0.0376197909235384	0.369569669777556	0.248340789929022	56.4493843889819
218	0.0221837649412653		0.0596740226268498		0.6152663230896	0.01228347638944	0.0344060186291926	0.357015338561079	0.261708739398597	54.7382943462429
217	0.0205474831713753		0.0545989946091037		0.611503660678864	0.01064719461955	0.0310922103435972	0.342439295948691	0.277718601972411	52.7571586967423
216	0.0190939107131942		0.0499773086458205		0.607404947280884	0.00919362216136896	0.0280765742861783	0.327448144765113	0.295464518756173	50.6448723976881
215	0.0183007577164856		0.0465707902954797		0.602963209152222	0.00840046916466031	0.0258172549653557	0.325381965508454	0.297355862098111	50.4247946076096
214	0.0173953938742781		0.0431826576414765		0.598491311073303	0.00749510532245277	0.0235980124217929	0.317615958008861	0.30674909727243	49.3458805049975
213	0.016548325043358		0.0402123936000004		0.594147801399231	0.00664803649153268	0.0216619756140518	0.306898900173269	0.320360255061393	47.8233224704447
212	0.0158113009297869		0.0375574961115243		0.590187430381775	0.00591101237796157	0.0199506977142623	0.29628098538809	0.334202091840651	46.3231312453605
211	0.0152775532112012		0.0355072248947412		0.586437284946442	0.00537726465937594	0.0186215723006427	0.288765340142108	0.344506403265198	45.2369792514613
210	0.0147617683774468		0.0335167204471285		0.583247244358063	0.00486147982562148	0.0173593203732147	0.280050124146722	0.355979707381731	44.0575449125092
209	0.0142778013135695		0.0315618797948444		0.579938590526581	0.00437751276174416	0.0161271566241999	0.271437356488212	0.367739045558106	42.8806099642593
208	0.0137840876505337		0.0294152694003609		0.577307462692261	0.0038837990987084	0.0148147350035319	0.262157851475743	0.378888595837345	41.7937561222592
207	0.0132963055079363		0.0273228843074033		0.575665593147278	0.00339601695611097	0.0135680876088122	0.250294444878535	0.395425828493616	40.2322361240795
206	0.0128254445994021		0.0252486665670495		0.574895739555359	0.00292515604757679	0.0123574836864397	0.236711301572396	0.430271135662819	37.1303347238649
205	0.0124555747011302		0.0235826891910465		0.574898242950439	0.00255528614930496	0.0113997700310921	0.224152429596	0.450507084401736	35.4399349116491
204	0.0121150722973242		0.0220493025852352		0.567570567131042	0.00221478374549891	0.0103841630043861	0.213284763014932	0.472045079240534	33.7252300462209
203	0.0118160445218009		0.0206597740778327		0.570808053016663	0.00191575596997563	0.00965024136765995	0.198518969317777	0.495993268658966	31.915873226789
202	0.011488140537134		0.0191119631003597		0.576338827610016	0.0015878519853087	0.0088516826332189	0.179384197457527	0.528777516498328	29.5952820667297
201	0.0111740994006935		0.0175852569354243		0.582763433456421	0.00127381084886823	0.00806064622325664	0.158028378071354	0.571961205085301	26.794076618436
200	0.010875442079957		0.0160161018685285		0.590864896774292	9.75153528131675E-4	0.00724554510451933	0.134586634140671	0.628576141493721	23.5192711204379
