Wavelength	I1	I1 dark	R1	R1dark	XCorrect	I1c	R1c	I1c/R1c	Abs	Percent T
nm	uA	uA	uA	uA		uA	uA	uA/uA	OD	T*100
	Abs Detector Raw	Dark Offset for Abs Detector	Ref Detector Raw	Dark Offset for Ref Detector	Linear interp	Dark subtracted Abs Detector	Corrected Ref Detector	Corrected Intensity 	-Log(T)	% Transmittance
600	0.901831000424781	0.00990460114908284	1.17186901753424	0.00374609582739279	0.984116673469543	0.891926399275699	1.14956924391367	0.775878794598895	0.00121939957057364	99.719616682953
595	0.959634448069787		1.24992148304267		0.982812881469727	0.949729846920704	1.2247572231257	0.775443352354275	0.00126828814048807	99.7083918682996
590	1.0186214662667		1.32975973101467		0.982779562473297	1.00871686511762	1.30317910022298	0.774043157187702	0.00134354244940878	99.6911159498299
585	1.06930243469212		1.39890587026474		0.981987595558167	1.05939783354304	1.3700295923192	0.773266387443264	0.00141119118729416	99.6755885755801
580	1.10820227340387		1.45255362578768		0.980610847473145	1.09829767225479	1.42071637977983	0.773059062235205	0.00145802330330502	99.6648406447557
575	1.14889752531646		1.50844085029581		0.979297995567322	1.13899292416738	1.47354455699158	0.772961305284697	0.00138252790801342	99.6821673455977
570	1.19322200328876		1.56971399030976		0.978484988212585	1.18331740213968	1.53227607677387	0.772261226339246	0.00145639786438281	99.6652136621922
565	1.23863999199888		1.63236476703696		0.978631198406219	1.2287353908498	1.59381704195257	0.770938795675374	0.00152678195792032	99.6490626917975
560	1.29327820345048		1.70711809193358		0.979763388633728	1.2833736023014	1.66890151900879	0.768993009883309	0.00156575949319554	99.6401196802531
555	1.3614029431685		1.7999473902687		0.981100916862488	1.35149834201942	1.76225473684596	0.766914290971519	0.00163407090375155	99.6244482358216
550	1.43378648658044		1.89836137364011		0.982443392276764	1.42388188543136	1.86135226059371	0.764971744239959	0.00169343035183513	99.6108324787992
545	1.50529889107985		1.99543767391139		0.982752025127411	1.49539428993077	1.95733893179126	0.763993535121818	0.00176530904181813	99.594347572884
540	1.57354516705227		2.08790080281439		0.982404112815857	1.56364056590318	2.04748215588855	0.763689471679233	0.00207493215533963	99.5233687241595
535	1.65100943676227		2.19126073892482		0.983403861522675	1.64110483561318	2.1512103471594	0.762875112505945	0.0019199577380837	99.5588891577126
530	1.73869728370192		2.30886755425078		0.985359311103821	1.72879268255284	2.27137289228271	0.7611223539854	0.00202333532107663	99.5351934100062
525	1.83521564696372		2.43785458010256		0.986455500125885	1.82531104581463	2.40113970221632	0.760185275404765	0.00215223138243823	99.5056563303721
520	1.93749422870835		2.57367147042901		0.98695296049118	1.92758962755927	2.53639545670447	0.759972039243352	0.00225955399240596	99.4810695861749
515	2.04070053933111		2.70982956925018		0.987989187240601	2.03079593818203	2.6735812115122	0.759578923369751	0.00236383159476899	99.4571862476784
510	2.1440418932883		2.84564079429344		0.989577054977417	2.13413729213922	2.81227378626397	0.758865407259783	0.00249637972688177	99.4268362126468
505	2.28355091738905		3.02812692881817		0.991617441177368	2.27364631623997	2.99902878275619	0.758127540926908	0.00269185443257519	99.3820945474946
500	2.47070852772519		3.27125097813966		0.993805527687073	2.46080392657611	3.24726441378643	0.757808300466274	0.00286722362249826	99.3419719123566
495	2.88754594305178		3.81715501404428		0.99499124288559	2.8776413419027	3.79430847916761	0.758409959997241	0.00296831499227325	99.3188506255142
490	3.08005392079818		4.05995258387489		0.99444317817688	3.0701493196491	4.03366687131563	0.761131104177607	0.00311613859386931	99.285050583253
485	3.49101476876544		4.58859251828598		0.996731162071228	3.48111016761635	4.56985930257526	0.761754342339301	0.0032551759193754	99.2532700310895
480	3.76351728720782		4.9263778855886		0.998985171318054	3.75361268605874	4.9176361618303	0.763296137114315	0.00344110458292885	99.2107871561162
475	4.7027430036697		6.1388777659976		1.00243234634399	4.69283840252062	6.15005443525807	0.763056400869678	0.00363909286979012	99.1655687664989
470	5.94484313542527		7.71711451262096		1.00769698619843	5.93493853427618	7.772738107041	0.763558279276124	0.00384973054905918	99.1174840187083
465	6.05650567404158		7.82801063278331		1.01307439804077	6.0466010728925	7.92656208588838	0.762827693440671	0.00413422611418093	99.0525758705375
460	5.6893851579304		7.3444575121569		1.01598358154297	5.67948055678132	7.45804227583581	0.761524317873999	0.00438286654676254	98.9958829407654
455	5.26187968844722		6.80962985560256		1.01623702049255	5.25197508729814	6.91639103385258	0.759351959944445	0.00466390091040685	98.9318428794127
450	4.56618523566067		5.94416527165844		1.01419520378113	4.55628063451159	6.02474463657729	0.75626120430891	0.00500390216261018	98.8544212486534
445	3.63592732922155		4.77343202926615		1.01049888134003	3.62602272807247	4.81976230008313	0.752323974153234	0.00540201014809751	98.7638451445368
440	3.44574959316506		4.55012045301002		1.00642335414886	3.43584499201598	4.57557732977213	0.750909610828735	0.00580920692599728	98.6712870449844
435	3.47524744460969		4.58810339963559		1.00416374206543	3.46534284346061	4.60344538515703	0.752771577269924	0.00627755884642352	98.5649352970253
430	3.78006775589169		4.96575356658361		1.00603294372559	3.77016315474261	4.99194298259323	0.755249642852305	0.00674235414411532	98.4595045026861
425	3.88305985020671		5.09520717934759		1.00844466686249	3.87315524905763	5.13445677621384	0.754345672360242	0.00722750631315984	98.3495763933806
420	3.5289005693953		4.67032155116253		1.00632703304291	3.51899596824622	4.69610103243827	0.749344178061501	0.00781935147532712	98.2156394463455
415	3.12344160617169		4.19679915803511		1.00108110904694	3.1135370050226	4.19758620980755	0.741744624028902	0.0084887136444348	98.0643798759935
410	2.7777292686859		3.78198131545435		0.99567312002182	2.76782466753682	3.7618872493023	0.735754286110023	0.00913639116194666	97.9182422666658
405	2.57957473456558		3.54589301317506		0.991254270076752	2.56967013341649	3.51116825706008	0.731856164468772	0.00986290684706895	97.7545752804718
400	2.62783164721455		3.62429257096726		0.991591811180115	2.61792704606546	3.59010423674572	0.729206416702403	0.0106584365783754	97.5756748058027
395	2.65173678383778		3.64788635505267		0.998634338378906	2.64183218268869	3.63916359673137	0.725944880593315	0.0114929884352968	97.3883508282516
390	2.65309066078549		3.62928129165045		1.01226460933685	2.64318605963641	3.67000096863684	0.720213995098256	0.012446034024803	97.1748694782617
385	2.73066427863959		3.71110131085476		1.03263711929321	2.7207596774905	3.82835260944253	0.710686803190442	0.0134926697143527	96.9409631445837
380	2.78685684433302		3.7687330782026		1.05682492256165	2.77695224318394	3.97893207609429	0.697913960348323	0.0146827032544353	96.6756936317127
375	2.78105933214915		3.75178812465703		1.07931578159332	2.77115473100007	4.04532091179088	0.685027168777388	0.0160080967953443	96.3811054586991
370	2.8005914756258		3.776800041061		1.09493815898895	2.79068687447671	4.13126074056009	0.67550490025434	0.0174119680723183	96.0700533614657
365	2.85317320881413		3.85167483568369		1.09079897403717	2.84326860766504	4.19731672160339	0.677401491536456	0.0189506892053424	95.7302759482155
360	2.9457454252411		3.98186346309316		1.06893277168274	2.93584082409202	4.25234002347064	0.690405943054353	0.02049214689022	95.3910991736757
355	3.03732143317596		4.11064701238326		1.0409619808197	3.02741683202688	4.27512771312824	0.70814652454245	0.0220963166669595	95.03939944474
350	3.10087867413294		4.20262702422276		1.01178658008575	3.09097407298386	4.24837137472844	0.727566825106346	0.0237812463559347	94.6713900020341
345	3.13935078091281		4.26221474859403		0.987797260284424	3.12944617976372	4.20650366820999	0.743954225789469	0.0255757515719701	94.2810147984636
340	3.15720949910316		4.2972836156414		0.968130171298981	3.14730489795408	4.15670321453614	0.757163727000726	0.0274218890711328	93.8810873252398
335	3.11017909401765		4.25723002449285		0.952541172504425	3.10027449286857	4.05161856863973	0.765194067591965	0.0294646959002277	93.4405323627142
330	2.92425598685041		4.04922333831229		0.939315378665924	2.91435138570132	3.79997898790908	0.76693881597091	0.031694020493075	92.9621114951177
325	2.6843847451331		3.77611612016529		0.926237106323242	2.67448014398402	3.49410909532327	0.765425483584272	0.0340697341224584	92.454970822732
320	2.49238758159364		3.55476102827634		0.914670467376709	2.48248298044456	3.24800848792476	0.764309265100071	0.0364886914737017	91.9414414980888
315	2.35224935095244		3.40043720076799		0.905307412147522	2.34234474980336	3.07504963407828	0.76172583487598	0.0394614813363796	91.3142420586464
310	2.21727680876715		3.2477412882922		0.899488806724548	2.20737220761807	2.91793736469034	0.756483752642964	0.0424442486903543	90.689237682188
305	2.07197703883993		3.08117966786399		0.899677276611328	2.06207243769085	2.76869705504216	0.744780810863919	0.0456057789569622	90.0314450909623
300	1.88100287090185		2.85277963947976		0.907451450824738	1.87109826975277	2.58535962263569	0.723728433511021	0.04926587424261	89.2758771207588
295	1.66907117497135		2.58921323916573		0.928298592567444	1.65916657382226	2.40008551029035	0.691294775418875	0.0531649320247305	88.4779533276598
290	1.42154049358738		2.26870713448938		0.961205065250397	1.4116358924383	2.1770920229567	0.648404329055949	0.0572368771628132	87.6522609167534
285	1.14124562166051		1.89753789524984		0.990005016326904	1.13134102051143	1.87486338130698	0.603425845206258	0.0618385821600907	86.7284166575239
280	0.90703161319697		1.58205175088058		1.00794303417206	0.897127012047887	1.59084219080523	0.563932121761111	0.0660760451431388	85.8863121050995
275	0.742819832847268		1.3602159125336		1.00567150115967	0.732915231698185	1.36416303684471	0.537263664168331	0.0706691490772969	84.9827637731244
270	0.656221506777282		1.25096866382462		0.977289319038391	0.6463169056282	1.21889729416732	0.530247223224599	0.0749497928780656	84.1492417738172
265	0.59632746236939		1.17938132890559		0.928679645061493	0.586422861220307	1.09178851097684	0.537121297141718	0.0790883074670931	83.3511684907928
260	0.529432862416961		1.08627124077666		0.865367650985718	0.519528261267878	0.936782241817723	0.554588076157156	0.0828649020157534	82.6294948976665
255	0.448756930122139		0.959525116405185		0.799651682376862	0.438852328973056	0.76429030178554	0.574195862420086	0.0868161494015728	81.8811343530546
250	0.363999640269162		0.817023319489242		0.732924580574036	0.354095039120079	0.596070868042777	0.5940485571502	0.0913270281038072	81.0350625897349
245	0.282332645661405		0.669219123912846		0.678074300289154	0.272428044512322	0.451240157880349	0.603731826068015	0.0969468025159403	79.9932234092353
240	0.205554228914974		0.514802497027423		0.640305876731873	0.195649627765891	0.327232417029821	0.597891949525469	0.105134440380481	78.4992594360131
