Wavelength	I	I dark	R	R dark	XCorrect	Ic	Rc	Ic/Rc	Abs	Percent T
nm	uA	uA	uA	uA		uA	uA	uA/uA	OD	T*100
	Abs Detector Raw	Dark Offset for Abs Detector	Ref Detector Raw	Dark Offset for Ref Detector	Linear interp	Dark subtracted Abs Detector	Corrected Ref Detector	Corrected Intensity 	-Log(T)	% Transmittance
800	0.167918340870322	0.00989912062027325	0.182326956974094	0.00377304662627344	1.26322114467621	0.158019220250048	0.225553075015987	0.700585528434263	4.8189541173502E-4	99.8891010192765
799	0.172679700352181		0.187822675717393		1.25946629047394	0.162780579731908	0.231804303614497	0.70223277650022	5.24364695377732E-4	99.8793334276398
798	0.174967366663841		0.190503259088335		1.25578379631042	0.165068246043568	0.23449277509146	0.703937449583194	5.6212306478929E-4	99.8706501102389
797	0.174677008503075		0.190224853136994		1.25213968753815	0.164777887882802	0.233463706745256	0.705796589028713	4.86549978395118E-4	99.8880304599966
796	0.172580826641944		0.187930011761276		1.24854493141174	0.162681706021671	0.229928245403476	0.70753249882892	4.78735146648351E-4	99.8898278928616
795	0.170677653775098		0.185878020116033		1.24499154090881	0.160778533154825	0.226719151552174	0.709152853008209	4.41433887758933E-4	99.8984077309738
794	0.172032281569673		0.18764284459476		1.24150061607361	0.1621331609494	0.228274467455206	0.71025534636814	5.05869518261443E-4	99.8835870513317
793	0.176646989116541		0.193127437201323		1.23799812793732	0.166747868496268	0.234420381048623	0.711319842371902	5.54691274217065E-4	99.8723591444022
792	0.184388255526954		0.202161255982365		1.23457276821136	0.174489134906681	0.244924680805245	0.712419566427557	3.95744804529825E-4	99.9089178961984
791	0.191506092259987		0.210476133459211		1.23109483718872	0.181606971639714	0.254471103031001	0.713664417989297	5.5482310902431E-4	99.8723288270674
790	0.196409365059913		0.216108740896726		1.22767388820648	0.18651024443964	0.260678987390029	0.715478628741881	4.86551266108292E-4	99.8880301638217
789	0.196835538268355		0.216625603000984		1.22422575950623	0.186936417648081	0.260579582490672	0.717387048752269	4.71830372295097E-4	99.8914160369283
788	0.192480529778981		0.21172580138482		1.22079539299011	0.182581409158708	0.253867764968837	0.719198867887464	4.52649147142731E-4	99.8958279789045
787	0.186175218791908		0.204653298513911		1.21735346317291	0.176276098171635	0.244542270318462	0.720841014283846	4.79118877522122E-4	99.8897396329467
786	0.180613506167647		0.198476204841999		1.21391463279724	0.170714385547374	0.236353012809906	0.722285633332191	4.15713652444681E-4	99.9043241926077
785	0.177410796028772		0.195055251486528		1.21042191982269	0.167511675408499	0.231532173634867	0.723492000177349	4.22454908052903E-4	99.902773458286
784	0.177197399957237		0.195045276816158		1.20695853233337	0.167298279336964	0.230857650226114	0.724681548014994	4.53694334747635E-4	99.8955875665578
783	0.178988498163276		0.197249507878822		1.20348119735718	0.169089377543003	0.232845283248647	0.726187686449456	3.57690315033184E-4	99.9176726688283
782	0.181546399154032		0.200365107117166		1.20004236698151	0.171647278533759	0.235918801601262	0.727569305069072	5.03634094897428E-4	99.8841011786995
781	0.183625366812351		0.202881329488704		1.1966587305069	0.173726246192078	0.238264665003564	0.729131389203175	5.26543852464602E-4	99.8788322649028
780	0.186624285715163		0.206455158553098		1.19330596923828	0.176725165094889	0.241861774020101	0.730686632109967	4.49182572576021E-4	99.8966253588692
779	0.189449492841935		0.209844522972843		1.19010949134827	0.179550372221662	0.245247619896202	0.732118714536982	4.4436099141084E-4	99.8977344274416
778	0.194372940621945		0.215658763023768		1.18701219558716	0.184473820001671	0.251510929434548	0.733462440047473	4.44011110400262E-4	99.8978149081656
777	0.198818037192318		0.220944343637719		1.1839507818222	0.188918916572044	0.257120126886043	0.734749624076587	4.74303444958382E-4	99.8908472108501
776	0.20572654336741		0.22907307971974		1.1809515953064	0.195827422747137	0.266068433504313	0.736003967730966	4.77770379603279E-4	99.8900497941869
775	0.21302157068964		0.237606826023531		1.17803692817688	0.203122450069367	0.275464827185136	0.737380710797068	3.74549151436869E-4	99.9137940494287
774	0.222348669880276		0.248543719633699		1.17517721652985	0.212449549260003	0.287648918193004	0.738572390936147	4.72153714044469E-4	99.89134166561
773	0.232274536158364		0.260125707159136		1.17244553565979	0.22237541553809	0.300559532396265	0.739871444985166	4.46154862053924E-4	99.8973217967256
772	0.244534385657715		0.274463623476051		1.1697244644165	0.234635265037442	0.316633390028201	0.74103133916655	3.51929097378435E-4	99.9189981548798
771	0.259840350066466		0.292335916495457		1.16703009605408	0.249941229446192	0.336761553741074	0.742190510376266	3.71456691813503E-4	99.9145055032621
770	0.282988749517731		0.319423428594252		1.16448152065277	0.273089628897458	0.3675690367887	0.742961461834027	5.16305906263298E-4	99.881186810509
769	0.319104448187812		0.361529522786356		1.16197168827057	0.309205327567539	0.415702896593461	0.743813262070983	4.71825717697571E-4	99.8914171075253
768	0.366239079347128		0.416567756514188		1.15950226783752	0.356339958726854	0.47863640226637	0.744489882172699	4.11163757043086E-4	99.9053708478733
767	0.422362360983222		0.482208909206001		1.15713560581207	0.412463240362948	0.553615171688414	0.745036013202129	3.1660696273549E-4	99.9271251193756
766	0.474732540522496		0.543177285122051		1.15489220619202	0.464833419902223	0.622953751025713	0.746176452323884	5.64714081183176E-4	99.8700542801499
765	0.506500545766651		0.579470148441387		1.15279674530029	0.496601425146378	0.663661745251275	0.748274898620765	4.10191279279552E-4	99.9055945575091
764	0.503168767825863		0.575102667990089		1.1508207321167	0.493269647205589	0.657497973137863	0.750222308445294	3.54012146700249E-4	99.9185189047146
763	0.478069530865607		0.54578795710869		1.14889180660248	0.468170410245334	0.622716489709624	0.751819516556635	3.83086144863911E-4	99.9118300479153
762	0.445027981315018		0.507373375963359		1.14707088470459	0.435128860694744	0.577665275310213	0.75325431403346	3.89566592838939E-4	99.910339196401
761	0.403829337985987		0.4597354717958		1.14529764652252	0.393930217365714	0.522212692449361	0.754348224509908	3.8711887709444E-4	99.9109023000315
760	0.374281747466846		0.426070077338035		1.14352190494537	0.364382626846573	0.482905905012289	0.754562375536286	3.74457739421192E-4	99.9138150796804
759	0.363428775098103		0.414067344536875		1.14178252220154	0.35352965447783	0.468466858313276	0.754652433153373	4.44213765200752E-4	99.8977682928669
758	0.365419169682435		0.416629919294702		1.14000296592712	0.355520049062162	0.470658059345405	0.75536802568859	5.76591105930532E-4	99.8673230852204
757	0.369557757617558		0.421578152307156		1.13824582099915	0.359658636997285	0.475564915533371	0.75627664121082	5.15352657614557E-4	99.8814060435751
756	0.377710801713398		0.431245797532198		1.13651084899902	0.367811681093125	0.48582741905604	0.757083002453383	5.38222510827719E-4	99.8761464488842
755	0.388351599095196		0.443750666561821		1.13479709625244	0.378452478474923	0.499285325518919	0.75798838686394	4.95048127696831E-4	99.8860758989175
754	0.401377268903988		0.459050127865433		1.13314974308014	0.391478148283715	0.51589710763643	0.758829895513977	4.49302619973173E-4	99.8965977455131
753	0.41635113206437		0.476573720935061		1.13162350654602	0.406452011444097	0.535032356958633	0.759677440359972	3.82144637901292E-4	99.9120466469962
752	0.43099697245995		0.493774065714965		1.13012480735779	0.421097851839677	0.553762307302727	0.760430687113332	4.20752642102363E-4	99.9031650391833
751	0.441591099309708		0.506086825065179		1.12870526313782	0.431691978689435	0.566964205470636	0.761409581987786	4.42497870099952E-4	99.8981629891777
750	0.453579136371181		0.520059346982004		1.12733149528503	0.443680015750908	0.582025806975204	0.762302994873576	4.2288459872356E-4	99.9026746145975
749	0.463828008705717		0.532123825998738		1.12599456310272	0.453928888085444	0.594920104984481	0.763008148963607	4.50835515238719E-4	99.8962451489274
748	0.478735299295564		0.549566240784999		1.12473857402802	0.468836178675291	0.61387465891228	0.763732745551051	4.7990169433954E-4	99.8895595816201
747	0.500847391797541		0.575508959187196		1.12356340885162	0.490948271177267	0.642381550879844	0.76426271972605	4.87594290634202E-4	99.8877902677499
746	0.526327515597094		0.605378652061007		1.1224285364151	0.516428394976821	0.675259299207228	0.764785313705597	4.8896502000547E-4	99.8874750003045
745	0.555394353554679		0.639455791207068		1.12132000923157	0.545495232934406	0.712803781021684	0.765281059750456	4.16735732751986E-4	99.9040890753624
744	0.586059783119646		0.67540663487445		1.12025701999664	0.576160662499373	0.752402242100555	0.765761490676648	3.50750202527443E-4	99.919269385939
743	0.614552263474546		0.708792990331865		1.11920189857483	0.604653142854273	0.789059659528418	0.766295850450199	4.73398699782637E-4	99.8910553089495
742	0.644100070668491		0.742991418539942		1.11819970607758	0.634200950048217	0.826593766201008	0.767246229018856	3.45750773969848E-4	99.9204196241872
741	0.668494447707246		0.771318273895503		1.1171909570694	0.658595327086973	0.857494587046959	0.76804604604566	3.93506294026172E-4	99.9094328641472
740	0.696927203636115		0.804037293845331		1.11617469787598	0.687028083015842	0.893234704360677	0.769146204980441	3.41296872765347E-4	99.9214443619582
739	0.729603711073905		0.841924445793551		1.11507248878479	0.719704590453632	0.93459956664791	0.77006732737419	4.00998941527592E-4	99.9077091956774
738	0.769739739966264		0.888419822194679		1.11387884616852	0.759840619345991	0.985389329636835	0.771107009679138	2.94485494133153E-4	99.9322151933978
737	0.814883146463126		0.94129632039648		1.11252617835999	0.804984025842853	1.04301918489111	0.771782568819088	5.42590405553281E-4	99.875141954658
736	0.873150948659498		1.0089445821501		1.11103796958923	0.863251828039225	1.11678374191728	0.772980296576672	3.79851541117308E-4	99.912574189038
735	0.934776751025559		1.08107447993317		1.10932576656342	0.924877630405285	1.19507823832304	0.773905507394307	4.72375280735167E-4	99.8912907034419
734	1.00601588495721		1.16362534325077		1.1074481010437	0.996116764336937	1.28447622338798	0.7755042453877	3.97550776427481E-4	99.9085024354215
733	1.05730965153692		1.22330074126672		1.1053968667984	1.04741053091664	1.34806209262942	0.776974989982583	4.26959708242312E-4	99.9017372035845
732	1.09111454642137		1.26216160994689		1.10324323177338	1.0812154258011	1.38830866542449	0.778800458953058	4.41660515289187E-4	99.8983556010839
731	1.10557209488655		1.27875605720724		1.10097706317902	1.09567297426628	1.40372705059257	0.780545600944108	3.62334381145469E-4	99.9166042191565
730	1.11697779247281		1.29218525789821		1.09864163398743	1.10707867185254	1.41550329704115	0.782109567788845	3.94228404357963E-4	99.9092667428246
729	1.12103768167778		1.2972149026535		1.09623396396637	1.11113856105751	1.41791489299274	0.783642633664892	3.63908250960044E-4	99.916242125119
728	1.12508231361963		1.30237949308696		1.09382593631744	1.11518319299935	1.42044941220773	0.785091805040829	3.24383491693758E-4	99.9253358283361
727	1.12955118109445		1.3083894646816		1.09146678447723	1.11965206047417	1.42394548679106	0.786302615416391	3.77264230977048E-4	99.9131694201476
726	1.13351627507274		1.31396169061148		1.08920443058014	1.12361715445247	1.42706327592448	0.787363232877373	4.19475500954543E-4	99.903458827467
725	1.14416925201992		1.32723221820738		1.08703660964966	1.13427013139965	1.43864857088528	0.788427524521623	3.54434402537738E-4	99.9184217559846
724	1.15082537229362		1.33594319076779		1.08495438098907	1.14092625167335	1.44534383410919	0.789380509155135	3.74742934526028E-4	99.9137494676987
723	1.1631916121734		1.35123960641712		1.08299386501312	1.15329249155313	1.45929801756382	0.790306351185522	3.63884075674751E-4	99.9162476870218
722	1.18347858108648		1.37626021178589		1.08117377758026	1.17357946046621	1.48389713303605	0.790876560334792	3.78663497472455E-4	99.9128475074109
721	1.20510941596099		1.40275794880159		1.07950687408447	1.19521029534071	1.51021381863865	0.791417930752421	3.73412083364693E-4	99.9140556436664
720	1.21996557892653		1.4213698643156		1.07795476913452	1.21006645830625	1.52810525033813	0.791873765264857	3.74791539842478E-4	99.9137382855646
719	1.2323651287427		1.43698553197782		1.07653081417084	1.22246600812243	1.54289740373531	0.792318403779072	3.44564138697986E-4	99.9206926399892
718	1.23606883051013		1.44229770694438		1.07519900798798	1.22616970988986	1.54670028774027	0.792764907079246	3.14154660577939E-4	99.92768937291
717	1.22647302518959		1.43242063484029		1.07402753829956	1.21657390456931	1.53440685226711	0.79286266401366	3.76072705654103E-4	99.9134435411409
716	1.20312022987274		1.40593782549787		1.07296395301819	1.19322110925247	1.50447226392094	0.793116056618224	3.57742092045546E-4	99.9176607565465
715	1.16451091301042		1.3613979269942		1.07196414470673	1.15461179239015	1.45532519371618	0.793370304709587	3.80797632425644E-4	99.912356534154
714	1.11108150190799		1.29930588927844		1.07102370262146	1.10118238128772	1.38754638200503	0.793618430035102	3.24324220846685E-4	99.9253494657641
713	1.03655888410274		1.21241682712564		1.07008218765259	1.02665976348247	1.29334818072945	0.793799982695635	3.93582236535358E-4	99.9094153935767
712	0.964259729728551		1.12789352424072		1.06905663013458	0.954360609108278	1.20174844966378	0.794143407778298	3.1650274598449E-4	99.9271490986845
711	0.887393627435595		1.03807572217041		1.06793642044067	0.877494506815322	1.10456949697282	0.79442217915684	3.53022986415483E-4	99.918746481963
710	0.812485563464894		0.950635486618928		1.06664419174194	0.802586442844621	1.00996532199677	0.794667327050252	3.41328276433367E-4	99.921437136677
709	0.728936461015536		0.853390850471854		1.06514143943787	0.719037340395263	0.904963130560121	0.794548767915241	3.72347427338321E-4	99.9143005793869
708	0.650398035120864		0.762302020269421		1.06344926357269	0.640498914500591	0.806657078419356	0.794016356684861	2.73672104652443E-4	99.9370045196357
707	0.586045870155835		0.688188307491834		1.06151580810547	0.576146749535562	0.726517618717421	0.793025158223525	3.48431847467335E-4	99.9198027773859
706	0.531519277356134		0.625489444522152		1.0593421459198	0.521620156735861	0.658610383100548	0.79200111343557	2.83854677955398E-4	99.9346613999621
705	0.491470138111866		0.579845206423287		1.05691242218018	0.481571017491593	0.608857821761627	0.790941662042295	3.4756662347122E-4	99.9200018429986
704	0.45769231384498		0.541555185824334		1.05424511432648	0.447793193224707	0.566954192821596	0.789822526924347	2.95162470134831E-4	99.9320594196968
703	0.428078077513117		0.508371341962789		1.0513402223587	0.418178956892844	0.530504484020915	0.788266583014136	3.54681079647189E-4	99.9183650028333
702	0.40123696281324		0.478565151591166		1.04815697669983	0.391337842192967	0.49765665730095	0.786361111524952	3.42555311980961E-4	99.9211548236677
701	0.379336018381709		0.454401672073461		1.04489290714264	0.369436897761436	0.470858654485203	0.784602543124851	2.48024037045414E-4	99.9429066594133
700	0.363398310925862		0.437165772789305		1.04165291786194	0.353499190305588	0.451444797787862	0.783039680682512	2.60934319921121E-4	99.939935698298
699	0.344867166285553		0.417373625041242		1.03863656520844	0.33496804566528	0.429580684133145	0.779755836418053	4.58498667790663E-4	99.8944824891561
698	0.33936769273575		0.411974894594064		1.03591132164001	0.329468572115477	0.42286091582421	0.779141698336676	3.81748252478454E-4	99.9121378378784
697	0.338109085257869		0.411673243594293		1.0335921049118	0.328209964637596	0.421602423178115	0.778482159005374	4.07425692588729E-4	99.9062307582298
696	0.342415371861756		0.4181332319718		1.03182005882263	0.332516251241483	0.427545150816978	0.777733651302305	3.29230001715157E-4	99.9242207176003
695	0.352943081780627		0.431986668195741		1.03069472312927	0.343043961160354	0.441357520123726	0.777247346015965	4.01623338840037E-4	99.9075655556753
694	0.367415496883931		0.450506567108556		1.03009569644928	0.357516376263658	0.460178276908435	0.776908416158886	3.86880502506557E-4	99.91095713892
693	0.383823056022471		0.471331277108352		1.02995276451111	0.373923935402198	0.481562892054939	0.776479960502311	3.86426572964047E-4	99.9110615670458
692	0.399772885060301		0.49146695512848		1.03007698059082	0.389873764440028	0.502362268722489	0.776080905581305	4.36017830599993E-4	99.8996535650395
691	0.417152641155406		0.513320429467427		1.03042733669281	0.407253520535133	0.525051552619802	0.775644826690059	3.92604213091516E-4	99.9096403880554
690	0.432784847819017		0.53283674408671		1.03089714050293	0.422885727198744	0.545410252855871	0.775353460967105	3.86311784125545E-4	99.9110879746487
689	0.445050805411606		0.548259145453308		1.03128290176392	0.435151684791333	0.561519203968458	0.774954234362707	4.13481818657639E-4	99.9048376009709
688	0.454363540359746		0.559929850057553		1.03155958652496	0.444464419739473	0.573708882190616	0.774721175733512	3.34994340052509E-4	99.9228944442587
687	0.462098736251689		0.569799677288622		1.03166389465332	0.452199615631416	0.583949238266615	0.774381720188072	4.27776228618942E-4	99.9015493777409
686	0.466388157316092		0.575410149373138		1.03159546852112	0.456489036695819	0.589698244832206	0.774106147841273	4.36000932580945E-4	99.8996574520478
685	0.470013729506195		0.580081159181133		1.0313640832901	0.460114608885922	0.594383488197791	0.774103954807054	3.0114485368022E-4	99.9306828703385
684	0.47286727716325		0.583894487718142		1.03098654747009	0.462968156542977	0.598097401664681	0.774068162233108	3.94341974896223E-4	99.9092406159724
683	0.47109880182852		0.581868811761881		1.03047323226929	0.461199681208246	0.595712211660476	0.774198803013804	3.7804681251742E-4	99.9129893807162
682	0.468174326742549		0.578472032905825		1.02990901470184	0.458275206122276	0.591887666709321	0.774260441462006	3.76668929749668E-4	99.9133063743932
681	0.463936524635459		0.573508203885132		1.02931475639343	0.454037404015186	0.586436804602676	0.77423074481624	3.83752313882951E-4	99.9116767921925
680	0.462111254562186		0.571484780126127		1.02871644496918	0.452212133941913	0.584014396253259	0.774316758016715	3.21378601040421E-4	99.9260272157678
679	0.460940867298796		0.570501863870289		1.02808725833893	0.451041746678523	0.582646675942064	0.774125667067862	3.94976010181897E-4	99.9090947565606
678	0.463224840983518		0.573705060573799		1.02740895748138	0.453325720363244	0.585553256285093	0.774183587056222	2.90301249525294E-4	99.9331780028838
677	0.467565095177601		0.579609328433507		1.02669847011566	0.457665974557327	0.591210229568578	0.774117144236998	3.6439717425502E-4	99.9161296407268
676	0.473011947267652		0.586809246007277		1.0259222984314	0.463112826647379	0.598149837737665	0.774242167144898	2.82900131364407E-4	99.9348810490693
675	0.47811063499142		0.593653156197215		1.0251362323761	0.468211514371146	0.604707473079155	0.774277704866165	3.87195223867907E-4	99.9108847362017
674	0.482763257958669		0.599957865034327		1.02431344985962	0.472864137338395	0.610680128097484	0.774323767193078	3.64396282853973E-4	99.9161298458073
673	0.487226812323157		0.605928529988497		1.02344214916229	0.477327691702884	0.616271302022093	0.774541488686377	4.23723144789494E-4	99.9024817203348
672	0.491952707995191		0.612219574580058		1.02255475521088	0.482053587374918	0.62216989045069	0.774794143486638	3.55493375114071E-4	99.9181781177531
671	0.495007381750075		0.616510936562423		1.02164971828461	0.485108261129802	0.626003492635572	0.774929000934837	3.97169365002794E-4	99.90859017833
670	0.498534188376608		0.621181824300106		1.02074801921844	0.488635067756335	0.630218786858646	0.775341957341447	2.99265414077058E-4	99.9311153282609
669	0.501128487682648		0.624883461553382		1.0197958946228	0.491229367062375	0.633405851250131	0.775536515952375	3.24897455802506E-4	99.9252175721576
668	0.504405845152462		0.629373642504678		1.01878011226654	0.494506724532189	0.637349445303016	0.775880057912477	3.61001451658373E-4	99.9169108820268
667	0.50709149119886		0.633117635104464		1.01773703098297	0.497192370578587	0.640507292942994	0.776247789926161	2.96078873340445E-4	99.9318485536444
666	0.509726836647314		0.6367552312203		1.01666116714478	0.499827716027041	0.643528406571213	0.776698760960959	4.20288611709906E-4	99.9032717827216
665	0.510561373387143		0.638168869520315		1.01556634902954	0.50066225276687	0.644271049696094	0.777098789403987	4.20741092903447E-4	99.9031676959095
664	0.511981551604125		0.640162741582661		1.01445806026459	0.502082430983852	0.645590655517829	0.77771018940962	2.70835047548439E-4	99.9376573667855
663	0.513799968955257		0.642933994012994		1.01329731941223	0.503900848334984	0.647660074659946	0.778032903447935	4.32884068085451E-4	99.90037441905
662	0.515805195082499		0.645805887312065		1.01216089725494	0.505906074462226	0.649840536095671	0.778508028295337	3.50277957271084E-4	99.9193780367015
661	0.519056096863943		0.650141573024721		1.01106476783752	0.509156976243669	0.653520444080529	0.779098773199097	3.35789932626386E-4	99.9227113937174
660	0.521601801504649		0.65390033613226		1.00999879837036	0.511702680884376	0.656627781188827	0.779288807972664	3.59516246028654E-4	99.9172525796962
659	0.52649455966381		0.660392638047236		1.00900542736053	0.516595439043537	0.662532731455008	0.77972817721628	3.35191191688219E-4	99.9228491524542
658	0.530569625260319		0.665803807459208		1.00805485248566	0.520670504640046	0.667363320952411	0.780190472405622	3.05345754255603E-4	99.9297162524091
657	0.535473584896486		0.672474461729429		1.00716114044189	0.525574464276213	0.673490079850402	0.780374470241573	3.65162024879888E-4	99.9159536752239
656	0.542011763886474		0.681098027368799		1.00634658336639	0.532112643266201	0.681623680198949	0.780654573372349	4.050750731975E-4	99.906771502284
655	0.5506648308685		0.692415130900238		1.00559914112091	0.540765710248226	0.692497888485612	0.78089149330231	2.83200487356638E-4	99.9348119346061
654	0.561154929398361		0.706305520859383		1.00487756729126	0.551255808778087	0.705959123650477	0.780860803848774	2.76254809936175E-4	99.936410206162
653	0.573000626372512		0.721811042953188		1.00422203540802	0.563101505752239	0.72106957817171	0.780925340353418	3.51181810947426E-4	99.9191700847082
652	0.585530333658871		0.738366612345043		1.00357329845428	0.575631213038598	0.73721848777168	0.780814945076193	3.41937339263328E-4	99.9212970050541
651	0.593954036628142		0.749491685542777		1.00296664237976	0.584054916007868	0.74793091943409	0.780894198691216	3.81271166680084E-4	99.9122475944841
650	0.601590630225557		0.759376736467633		1.00240564346313	0.591691509605284	0.757421402918547	0.781191959093496	3.32602873739062E-4	99.923444676656
649	0.605212868370263		0.764414311215571		1.001877784729	0.59531374774999	0.762069585140193	0.781180300799531	3.63107145566208E-4	99.9164264321218
648	0.607626134351831		0.76778210295016		1.00140357017517	0.597727013731558	0.765081396648904	0.781259374949689	3.63814613598569E-4	99.9162636678617
647	0.609935738224438		0.771059838837942		1.00099229812622	0.600036617604165	0.768048169457854	0.781248678748516	3.89166398863273E-4	99.910431261891
646	0.609087999580365		0.770342285129872		1.00062572956085	0.599188878960091	0.76704890353657	0.781161248256089	3.91574078969715E-4	99.9098773711533
645	0.610194934695571		0.772145219387804		1.00029969215393	0.600295814075297	0.768602447873006	0.781022511360102	3.85255855813742E-4	99.9113308952455
644	0.612432988580671		0.775488166762142		1.00000286102295	0.602533867960397	0.771717328030538	0.780770168136687	4.29120385750448E-4	99.9012401793103
643	0.615854129619246		0.780161076289368		0.9997199177742	0.605955008998973	0.776170577175663	0.780698247032151	3.86722202959285E-4	99.9109935562885
642	0.621967705339447		0.78851880941027		0.999445915222168	0.612068584719174	0.784310947102369	0.780390210005937	4.40163020987694E-4	99.8987000620024
641	0.627249381038557		0.795600280634415		0.999167442321777	0.617350260418284	0.791167992164642	0.780302371344939	3.74891113900059E-4	99.9137153775711
640	0.634773357143747		0.805693360733245		0.998895227909088	0.624874236523473	0.801034374924811	0.780084171271835	4.11133435885772E-4	99.9053778229713
639	0.644630295275747		0.818912943810305		0.998560547828674	0.634731174655474	0.813966542289096	0.779800079829371	4.36132449577285E-4	99.8996271995315
638	0.653717587719905		0.831016566198465		0.998183071613312	0.643818467099632	0.825740477338777	0.779686214698534	3.50236908630087E-4	99.9193874808806
637	0.659579584156442		0.838908623967222		0.997746467590332	0.649680463536169	0.833253572250944	0.779691183058631	4.35677706508011E-4	99.8997318029487
636	0.669785760873473		0.852452140453633		0.997253656387329	0.6598866402532	0.846348329418819	0.779686823162206	4.25893212494158E-4	99.9019825323032
635	0.679420387604994		0.865263842367772		0.996708512306213	0.669521266984721	0.858655209389005	0.779732376469403	3.78253750502816E-4	99.9129417729554
634	0.688586569514169		0.877467931674475		0.996089160442352	0.678687448893896	0.870278004530441	0.779851318039552	3.30682730669424E-4	99.92388646844
633	0.699576950329629		0.892223691808385		0.995416641235352	0.689677829709355	0.884378557130559	0.779844585950923	4.08467622663878E-4	99.9059910702163
632	0.708187997658502		0.90376598302203		0.994728446006775	0.698288877038229	0.895248575038025	0.779994402122974	4.20276448872039E-4	99.9032745806096
631	0.716235132025761		0.91453055817433		0.994035542011261	0.706336011405488	0.905325336632499	0.780201307557365	4.10552006675648E-4	99.9055115754048
630	0.72370570999884		0.924572493864184		0.993336021900177	0.713806589378567	0.914663259887188	0.780403696838774	3.84347681315418E-4	99.9115398249498
629	0.731435200629575		0.934921946032303		0.992607176303864	0.721536080009302	0.924265079757869	0.780659245720204	3.32073068557257E-4	99.9235665754903
628	0.741241018766663		0.948198197199956		0.991834938526154	0.73134189814639	0.936713861161802	0.780752723397633	3.98096415116481E-4	99.9083769125048
627	0.750844476369891		0.961125919316269		0.991048812866211	0.740945355749618	0.948783427973477	0.78094255644011	4.51748619333485E-4	99.8960351173051
626	0.762309109502791		0.976529973514971		0.99024510383606	0.752409988882518	0.963267784074144	0.781101580808815	3.69789163937584E-4	99.9148891382148
625	0.773566603049117		0.991509589238807		0.989454746246338	0.763667482428844	0.977320610128919	0.781388906070555	3.15504670022964E-4	99.9273787470088
624	0.780029110652689		1.0003279317939		0.988670885562897	0.770129990032416	0.985264800830711	0.781647724939623	3.57773320804704E-4	99.91765357178
623	0.787054225065536		1.00976452385825		0.987914323806763	0.777155104445262	0.993833389984991	0.781977253206395	3.31252642548195E-4	99.923755341348
622	0.794000285218445		1.01925128224319		0.987213253974915	0.784101164598172	1.00249357332408	0.782150814192492	3.76141936192869E-4	99.9134276140194
621	0.801424314729795		1.0293644245978		0.986586511135101	0.791525194109522	1.01183461944317	0.782267357629167	3.70547303376776E-4	99.9147147188863
620	0.80528089277835		1.03480195967129		0.986040651798248	0.795381772158077	1.01663642144175	0.782366001633214	3.6319456182104E-4	99.9164063206093
619	0.811369534111443		1.04304650462125		0.985671520233154	0.80147041349117	1.02438224927988	0.782393890615136	2.94393881355906E-4	99.9322362737226
618	0.81543472574559		1.04873955422009		0.985484898090363	0.805535605125317	1.02979871224393	0.782226269607634	3.11471928883954E-4	99.9283066499387
617	0.817574717497293		1.05205112036897		0.9854616522789	0.80767559687702	1.03303784259822	0.781845120838572	3.61639632208267E-4	99.9167640577291
616	0.820467913591689		1.05617857396575		0.985575616359711	0.810568792971416	1.03722522626797	0.781478094095255	3.47895839064628E-4	99.9199260989779
615	0.82351418433147		1.06063675418476		0.985840737819672	0.813615063711197	1.04189929723429	0.78089606727918	3.92440476123492E-4	99.9096780558254
614	0.825426353208107		1.0634410617297		0.986221313476563	0.815527232587834	1.04506718170441	0.780358666758423	3.65956685282328E-4	99.9157708518572
613	0.828413197068242		1.06773878662708		0.986693203449249	0.818514076447969	1.04980776436165	0.779679960688497	2.85120767490095E-4	99.9343700629781
612	0.832612153350292		1.07376979246236		0.987153947353363	0.822713032730019	1.05625151130734	0.778898798177085	3.43085929839212E-4	99.9210327407977
611	0.833946873193592		1.07597594632317		0.98754894733429	0.824047752573318	1.05885284492444	0.778245774682808	3.86405631985278E-4	99.911066384596
610	0.83868200348473		1.08246686579186		0.98789769411087	0.828782882864456	1.06563913660533	0.777733150365142	3.51084366651472E-4	99.919192503953
609	0.84226368376827		1.0876374102048		0.98806357383728	0.832364563147996	1.07092689663226	0.777237518046775	4.01981290590611E-4	99.9074832104586
608	0.846761060764459		1.09388726827309		0.988040208816528	0.836861940144186	1.07707668318978	0.776975263883536	3.73491429906254E-4	99.9140373891539
607	0.851811271315568		1.10104893511459		0.98785537481308	0.841912150695295	1.08394988409598	0.776707634779127	3.261866737718E-4	99.9249209411843
606	0.859234118270771		1.11127242903125		0.987536489963531	0.849334997650498	1.09369605273699	0.776573158077167	3.3632698011924E-4	99.9225878296136
605	0.865548240254819		1.12007185526562		0.987073302268982	0.855649119634546	1.10186875136257	0.776543593396624	3.88347034106158E-4	99.9106197587909
604	0.873723893298322		1.13094374090334		0.986512660980225	0.863824772678049	1.11196816099019	0.776843081468112	2.91213192173276E-4	99.9329681608639
603	0.880594364462276		1.1405459594929		0.98584908246994	0.870695243842002	1.12068653312624	0.776930228128227	3.7669220749839E-4	99.9133010191403
602	0.889289998887979		1.15241513363981		0.985228002071381	0.879390878267706	1.13167434848344	0.77707061174107	4.12688841511973E-4	99.9050200171162
601	0.897283393326254		1.16318195030821		0.984650254249573	0.88738427270598	1.14161227178964	0.777307930752077	3.42488082951998E-4	99.9211702915196
600	0.908056110568364		1.17768599382936		0.984116673469543	0.898156989948091	1.15526730454432	0.777445173437461	3.98065751172648E-4	99.9083839666699
599	0.919315766285092		1.19281690807554		0.983676254749298	0.909416645664818	1.16963421236305	0.777522268117903	3.81953568177826E-4	99.9120906037401
598	0.929852953437811		1.20718179907038		0.983342826366425	0.919953832817538	1.18336336390248	0.777406045243554	3.8543975494215E-4	99.9112885884616
597	0.942506493426313		1.22399526946218		0.983100771903992	0.93260737280604	1.19960140916439	0.777431041412056	3.52028648443916E-4	99.9189752509701
596	0.952114302836164		1.23707836572338		0.982921838760376	0.942215182215891	1.21224273199988	0.777249603024208	4.09910291300238E-4	99.9056591963231
595	0.96619142985511		1.2557459071527		0.982812881469727	0.956292309234837	1.23045505457587	0.7771858920637	3.30224109450119E-4	99.9239919895571
594	0.977133560853868		1.27067816569899		0.982775807380676	0.967234440233595	1.2450837012714	0.776842905618247	4.34254983630382E-4	99.9000590690611
593	0.991509677739783		1.29000148105146		0.982796370983124	0.98161055711951	1.26410063760838	0.776528804681778	3.82013821920161E-4	99.9120767420007
592	1.004888651075		1.30802119075729		0.982810854911804	0.994989530454722	1.28182923355054	0.776226274461458	3.84957237670733E-4	99.9113995936692
591	1.01533943686087		1.3220232338532		0.982813537120819	1.0054403162406	1.29559412931868	0.776045748809728	3.60798885752035E-4	99.9169574858064
590	1.02698032731729		1.33772582320696		0.982779562473297	1.01708120669701	1.310981526128	0.775816582023831	3.69760800054278E-4	99.9148956636819
589	1.03861490673857		1.35362688210338		0.982710957527161	1.0287157861183	1.32651615518342	0.775501890496054	4.10220226137389E-4	99.9055878985414
588	1.04999462165892		1.36880289980397		0.982594430446625	1.04009550103865	1.34127073112578	0.775455302872117	3.37729860839554E-4	99.9222650549724
587	1.06028064304116		1.38281710720647		0.982425510883331	1.05038152242089	1.35480806574612	0.775299135706295	3.23396761809349E-4	99.9255628619071
586	1.06799368011971		1.39355103660694		0.982219994068146	1.05809455949944	1.36506772907485	0.775122389140756	3.33764039449273E-4	99.9231775134124
585	1.07988324611225		1.40942600907768		0.981987595558167	1.06998412549197	1.38033377278687	0.775163331207705	3.10926334808866E-4	99.9284321876293
584	1.08411198755043		1.41549787032051		0.981722772121429	1.07421286693015	1.38592240738974	0.775088750425309	3.86318944991711E-4	99.9110863272644
583	1.09312774221411		1.42762938119733		0.981434881687164	1.08322862159384	1.39742227325926	0.775161983834262	3.46637214745852E-4	99.9202156762956
582	1.09963001117006		1.43663675878585		0.981141924858093	1.08973089054979	1.40584266060756	0.775144275447467	3.19093325511103E-4	99.9265530320401
581	1.10717206741434		1.44717362702988		0.980872988700867	1.09727294679406	1.41579264119305	0.775023767512608	3.53037743938369E-4	99.9187430866788
580	1.11627912456789		1.45949521664129		0.980610847473145	1.10638000394762	1.42749695082387	0.775048943753664	3.36264236653616E-4	99.9226022656476
579	1.12264355172752		1.46851402458865		0.980334997177124	1.11274443110724	1.43593684249596	0.774925747551025	4.26654571980924E-4	99.9018073947902
578	1.13313685460307		1.4826954545857		0.980064511299133	1.12323773398279	1.44943936700609	0.774946341013847	3.58098915689421E-4	99.9175786625512
577	1.14092568666423		1.49341627821229		0.979791462421417	1.13102656604396	1.45953972036183	0.774920031476477	2.94734639662055E-4	99.9321578644228
576	1.14826226805581		1.50364467020023		0.979541301727295	1.13836314743554	1.46918620257946	0.774825645270086	3.99766130572139E-4	99.9079927993112
575	1.15685848384178		1.51530838322735		0.979297995567322	1.1469593632215	1.48024352536261	0.774845046486884	3.02359894540131E-4	99.9304032911634
574	1.16652612754094		1.52860948180702		0.979087650775909	1.15662700692067	1.49294852313863	0.774726649308102	3.98907304656671E-4	99.9081903695356
573	1.17510953357354		1.54034425348864		0.978899002075195	1.16521041295326	1.50414802101505	0.774664724929757	3.31032751619122E-4	99.9238059345143
572	1.18417167190403		1.55279811543839		0.978744149208069	1.17427255128375	1.51609922307649	0.774535421831366	3.38439181441729E-4	99.9221018549634
571	1.19390119762198		1.56615413192555		0.978596448898315	1.18400207700171	1.52894058189977	0.774393780254392	3.55897061564855E-4	99.9180852416112
570	1.20109625984909		1.5762563154179		0.978484988212585	1.19119713922882	1.53865127272806	0.774182662661957	3.6600896905159E-4	99.9157588232154
569	1.21186701481094		1.59073144353389		0.978414237499237	1.20196789419067	1.55270268985337	0.774113358626416	2.7023288677733E-4	99.9377959330834
568	1.21740129671021		1.59852692384942		0.978417158126831	1.20750217608994	1.56033455646441	0.773873892036357	3.32298656429743E-4	99.9235146716787
567	1.2272283978062		1.61196028103451		0.978434324264526	1.21732927718593	1.57350558998906	0.773641533230516	3.36662904222036E-4	99.9225105401382
566	1.23581980249599		1.62373444785758		0.978512525558472	1.22592068187572	1.58515252202609	0.773377113458324	3.19298911230069E-4	99.9265057289583
565	1.24534525716984		1.6369262065329		0.978631198406219	1.23544613654957	1.59825463406032	0.772997062058223	3.54341513185085E-4	99.9184431271023
564	1.26008735000644		1.65666319833636		0.978813290596008	1.25018822938617	1.61787084838908	0.772736730271756	3.40767257260982E-4	99.9215662147117
563	1.2681532725206		1.66803429967031		0.979029059410095	1.25825415190033	1.62936012918037	0.772238211409576	3.66428791408917E-4	99.9156622370259
562	1.28064335273192		1.68490422452966		0.979272127151489	1.27074423211165	1.64628490460614	0.771885977060371	3.16501729428938E-4	99.9271493325846
561	1.28984823093001		1.69745782402784		0.979509949684143	1.27994911030973	1.65898109109341	0.771527244753669	3.81135131229061E-4	99.9122788903222
560	1.30395849240927		1.71661860275987		0.979763388633728	1.29405937178899	1.67818336628368	0.771107256684756	3.31210346493058E-4	99.9237650729496
559	1.31555483483119		1.73233210825128		0.980009019374847	1.30565571421092	1.69400347091463	0.770751498818338	3.04982524565004E-4	99.9297998303881
558	1.33125122148722		1.75362400117158		0.98027241230011	1.32135210086695	1.71533061637777	0.770319195757854	3.39462893465525E-4	99.9218663204568
557	1.34685036388095		1.77450436607838		0.980539977550507	1.33695124326067	1.73627284822354	0.770012181339221	3.17865810707366E-4	99.9268354705734
556	1.35948868933093		1.79180896806001		0.98082560300827	1.34958956871066	1.75375141084069	0.769544395156729	3.33399981289891E-4	99.9232612765382
555	1.37339129700243		1.81054721108816		0.981100916862488	1.36349217638216	1.77262778931702	0.769192599032596	2.43337266147471E-4	99.9439852179799
554	1.38614109858723		1.82788599123128		0.98138552904129	1.37624197796696	1.79015804717225	0.7687823877567	3.85780153228739E-4	99.9112102784219
553	1.3983534993563		1.84430689265493		0.981669664382935	1.38845437873603	1.80679624291638	0.768462068802458	3.10301830574369E-4	99.928575882234
552	1.41023457383275		1.86059938373973		0.981943130493164	1.40033545321248	1.82329786624734	0.768023414679145	3.82465667799582E-4	99.9119727921727
551	1.42921418038533		1.88608748025654		0.982206225395203	1.41931505976506	1.84882095486289	0.767686592923931	3.57689886904571E-4	99.9176727673274
550	1.44297247805985		1.90478600160516		0.982443392276764	1.43307335743958	1.86763761625153	0.767318748010573	3.71373233739034E-4	99.9145247037664
549	1.46082865779807		1.92864120780867		0.982618629932404	1.4509295371778	1.89141131534155	0.767114759972656	3.1915068829653E-4	99.9265398334726
548	1.47242409079617		1.94428150620809		0.982732713222504	1.4625249701759	1.90700114351606	0.766924013207119	2.96059266212076E-4	99.9318530652758
547	1.48913107162541		1.96691184059031		0.982794582843781	1.47923195100514	1.92936217207833	0.766694803294339	3.55195893337509E-4	99.9182465594409
546	1.50316670999706		1.98580456665008		0.982793211936951	1.49326758937679	1.94792712372447	0.766593149810262	3.01582281532897E-4	99.9305822187211
545	1.51729293522138		2.00486821556072		0.982752025127411	1.5073938146011	1.96658032974301	0.766505080826315	4.0299129942694E-4	99.9072508627596
544	1.53698070980091		2.0312447871106		0.982672691345215	1.52708158918064	1.9923411118481	0.76647597145858	3.64037538463038E-4	99.91621238051
543	1.54802246848482		2.04617224524187		0.982572853565216	1.53812334786454	2.00680600870303	0.766453429576189	2.98121087692428E-4	99.9313786379904
542	1.5611744337643		2.06360718627328		0.98248028755188	1.55127531314402	2.02374643782957	0.766536402064154	2.45432060711432E-4	99.943503145053
541	1.57323371105986		2.07977313316913		0.982422113418579	1.56333459043959	2.03950839247859	0.766525205880466	2.77982125732505E-4	99.9360127307072
540	1.58729729742945		2.09801624680473		0.982404112815857	1.57739817680917	2.05739313309196	0.766697502503363	3.70248285154469E-4	99.9147835116799
539	1.60238996552099		2.11811965706376		0.982460975646973	1.59249084490072	2.07726303374628	0.766629367119056	3.44495494026971E-4	99.9207084334748
538	1.61478879054469		2.13472779908724		0.982597053050995	1.60488966992442	2.09386985995315	0.766470591424591	3.19242704180481E-4	99.9265186615989
537	1.63557731890401		2.16239003042202		0.982804477214813	1.62567819828374	2.12149843626639	0.766287719327644	3.00826143831162E-4	99.9307562051513
536	1.64574606123398		2.17636455429196		0.983075141906738	1.63584694061371	2.13582070470382	0.765910236290437	4.01141293449294E-4	99.9076764481923
535	1.66889765873669		2.20689326510747		0.983403861522675	1.65899853811641	2.16655693025309	0.76573041536583	3.45261536707455E-4	99.9205321856452
534	1.67898490082285		2.22042705411589		0.98377537727356	1.66908578020257	2.18068963250305	0.765393550427786	3.17461415331546E-4	99.9269285179656
533	1.69796235741205		2.24576568926855		0.984184384346008	1.68806323679178	2.20653414870717	0.765029282588187	3.27508915828662E-4	99.9246167127463
532	1.71342994920816		2.26614824533945		0.984593272209167	1.70353082858789	2.22751939986587	0.764765877545427	3.09441626448427E-4	99.9287738102805
531	1.73111665720633		2.28993531799831		0.984989404678345	1.72121753658606	2.25184561467683	0.764358588958185	3.31077853353211E-4	99.9237955573696
530	1.75384699463992		2.3198398833085		0.985359311103821	1.74394787401965	2.28215802266361	0.764166134290829	2.91195125399014E-4	99.932972318104
529	1.77424812981231		2.34707571083639		0.985676109790802	1.76434900919204	2.30973745412105	0.763874268932199	3.04876878655901E-4	99.9298241391838
528	1.79534166763086		2.37503729519732		0.98594456911087	1.78544254701058	2.33793510780539	0.76368353469253	3.44487585111059E-4	99.920710253126
527	1.81077298775963		2.39540248066282		0.986159026622772	1.80087386713935	2.35852695471185	0.763558738873676	3.062549010222E-4	99.92950706098
526	1.83150959045997		2.42270052742874		0.98632550239563	1.8216104698397	2.38584986276109	0.763505909685192	2.87835024640143E-4	99.9337454942991
525	1.85247735618429		2.45059802487586		0.986455500125885	1.84257823556402	2.41368395763971	0.763388358998681	3.17532599624815E-4	99.9269121391547
524	1.87551729139496		2.48112578354294		0.986546039581299	1.86561817077469	2.44402253125103	0.763339186492576	3.64543992611751E-4	99.9160958629099
523	1.89515429540585		2.50691506566646		0.986623227596283	1.88525517478558	2.4696580579573	0.763366883407701	3.47619732198488E-4	99.9199896240458
522	1.91973268428469		2.53941327110301		0.986712396144867	1.90983356366442	2.50194764165474	0.763338741334047	3.12331115121166E-4	99.9281089570266
521	1.93903831012308		2.5646228901429		0.986819267272949	1.92913918950281	2.52709596617512	0.763381848304973	2.88200603872786E-4	99.9336613723769
520	1.95188197309666		2.58134784124794		0.98695296049118	1.94198285247639	2.5439450744393	0.763374520931592	3.00067384914963E-4	99.9309307950245
519	1.97184809697928		2.60734799983546		0.987108528614044	1.96194897635901	2.5700110411987	0.763400991243961	3.30941573653676E-4	99.9238269130224
518	1.99221703152924		2.63426124435682		0.987286388874054	1.98231791090897	2.59704519371321	0.763297425746635	2.56884914081249E-4	99.940867552749
517	2.01732614702949		2.66722850496728		0.987494111061096	2.00742702640922	2.63014658018528	0.763237699956559	3.46485083359988E-4	99.9202506778998
516	2.03591720072718		2.69119976951993		0.987728297710419	2.02601808010691	2.65444742222524	0.763254176045605	2.62784261123488E-4	99.9395099903539
515	2.06124377685889		2.72414979380233		0.987989187240601	2.05134465623862	2.68770281143071	0.763233437683036	3.09961989897193E-4	99.9286540775821
514	2.08151357658259		2.75045568969332		0.988263189792633	2.07161445596231	2.71444535018549	0.763181493346604	2.64315973636264E-4	99.9391575144777
513	2.09900764847313		2.77384954946312		0.988561034202576	2.08910852785286	2.73838969246465	0.762896724889651	3.38033794396659E-4	99.9221951261106
512	2.12422352666827		2.80673149513251		0.988881468772888	2.114324406048	2.77179366746822	0.762800070893891	3.0959555318282E-4	99.928738392591
511	2.14083558714877		2.82810356535961		0.989219486713409	2.1309364665285	2.79388278605041	0.762715056325218	3.52197135603424E-4	99.9189364868095
510	2.16560747425682		2.86007420732171		0.989577054977417	2.15570835363654	2.82653009072957	0.76266952214902	3.03049314144334E-4	99.9302446570401
509	2.18941763041168		2.89056495427019		0.989948749542236	2.1795185097914	2.85777603916074	0.762662461972169	3.16816689192797E-4	99.927076863278
508	2.22242453945947		2.93361779833644		0.990337610244751	2.2125254188392	2.90153544979677	0.762536063102097	3.37679927588615E-4	99.9222765435914
507	2.24736470049263		2.96566282994667		0.990751147270203	2.23746557987236	2.93449570091258	0.762470219048726	3.44045797413041E-4	99.9208118978967
506	2.27672862859795		3.00336790792101		0.991183400154114	2.26682950797768	2.97314863370292	0.762433967236426	2.94842043575901E-4	99.9321331505386
505	2.30507033991049		3.04020800787146		0.991617441177368	2.29517121929021	3.01098186657145	0.762266702689804	3.31643559879909E-4	99.9236653979758
504	2.3390458768841		3.08402379138779		0.992055416107178	2.32914675626383	3.05577943430883	0.762210364437068	3.00770868050516E-4	99.9307689240578
503	2.37549475369158		3.13074024627924		0.992499232292175	2.36559563307131	3.10351254505838	0.762231696739221	3.45743125336386E-4	99.9204213839486
502	2.41551628673479		3.18192457224659		0.99295300245285	2.40561716611452	3.1557550996148	0.762295263789054	2.91147047064162E-4	99.93298338113
501	2.44846366209142		3.22439135674487		0.993394494056702	2.43856454147115	3.19934449673002	0.762207553442136	2.79704739090229E-4	99.9356163389127
500	2.49730129617362		3.28691035063569		0.993805527687073	2.48740217555335	3.26280000088019	0.762352021234012	3.16139053602436E-4	99.9272327809776
499	2.55070661822585		3.35647142213508		0.994185566902161	2.54080749760557	3.33320433510717	0.762271748792706	3.07625660877429E-4	99.9291916548531
498	2.6203268694125		3.44618487392504		0.994557678699493	2.61042774879223	3.42367711608594	0.762463182210522	2.60514186036737E-4	99.9400323796409
497	2.71229311660362		3.56610544229351		0.994921982288361	2.70239399598335	3.5442428086673	0.762474283470296	2.91871862354429E-4	99.9328165982283
496	2.81240731298093		3.69634222155827		0.995278537273407	2.80250819236065	3.67513484720719	0.762559282549955	2.0185711319653E-4	99.9535314819856
495	2.92172771049332		3.83815168144085		0.99499124288559	2.91182858987305	3.8151731635481	0.763223178883197	2.35195606978096E-4	99.9458588717445
494	3.01023022478812		3.95294217170482		0.99477756023407	3.00033110416785	3.92854482719736	0.763725816082465	2.34301612590795E-4	99.9460646103218
493	3.07579287101052		4.03704051121253		0.994611084461212	3.06589375039025	4.01153252687426	0.764269946672763	3.67584996316374E-4	99.9153962358906
492	3.09259395736917		4.05678965664143		0.994498908519745	3.08269483674889	4.03072059487247	0.764799931970087	2.91155058432319E-4	99.9329815376806
491	3.10480401591413		4.06899926352624		0.99443906545639	3.09490489529385	4.04261976000282	0.765569130669786	2.25026190521466E-4	99.9481992260532
490	3.11680173315134		4.08179225663918		0.99444317817688	3.10690261253107	4.0553583838716	0.766122822803381	2.45416570477295E-4	99.9435067097962
489	3.14355145228274		4.11397055240904		0.994451105594635	3.13365233166247	4.08739045383799	0.766663319067065	2.81871644809077E-4	99.9351177129173
488	3.19970915469506		4.18486951452809		0.995079815387726	3.18981003407479	4.16052470139801	0.766684556157774	3.64911015168583E-4	99.9160114237862
487	3.29067641507376		4.30108707998167		0.995648920536041	3.28077729445349	4.27861607851469	0.766784687910678	3.35746814180949E-4	99.9227213144334
486	3.40576646588342		4.44852070976365		0.996206641197205	3.39586734526314	4.42788714046321	0.766927258427796	2.90159384686021E-4	99.9332106466477
485	3.5290248638284		4.60722577504747		0.996731162071228	3.51912574320813	4.58840478753922	0.766960611837267	2.79503493870836E-4	99.9356626475133
484	3.6427825782176		4.75150903863109		0.997203469276428	3.63288345759732	4.73445880243577	0.767328138060529	2.53470553506698E-4	99.9416532765229
483	3.72868184545249		4.86001173595144		0.99762898683548	3.71878272483221	4.84472448346273	0.76759426413744	2.54109884463269E-4	99.9415061511312
482	3.77960912796383		4.92209164292995		0.998053252696991	3.76971000734356	4.90874387284098	0.76795817932171	3.2901232234622E-4	99.9242708021574
481	3.78600724805546		4.92479965073163		0.99850869178772	3.77610812743518	4.9136878367178	0.768487590770013	2.61648610214467E-4	99.9397713258037
480	3.80824258732208		4.94841514135992		0.998985171318054	3.7983434667018	4.93962413011396	0.768953946019001	2.54293043491137E-4	99.9414640018846
479	3.89032102937692		5.0508411785483		0.999535739421844	3.88042190875665	5.04472497715311	0.769203856767328	3.50734578651835E-4	99.919272980565
478	4.0310185996155		5.22954106797097		1.00016474723816	4.02111947899523	5.22662895219348	0.769352390570536	2.63827138343565E-4	99.9392700045434
477	4.20859879910124		5.45795304215594		1.00086104869843	4.19869967848096	5.45887631011579	0.769150909446399	3.18022016282054E-4	99.9267995292327
476	4.44845897880687		5.7654452040132		1.00160253047943	4.43855985818659	5.77090541263163	0.76912711971873	2.47110011866353E-4	99.94311700155
475	4.76021747365489		6.16626330543895		1.00243234634399	4.75031835303462	6.1774795694636	0.768973543274234	3.08364124335126E-4	99.9290217379034
474	5.07683746750693		6.56757166565181		1.00333368778229	5.06693834688665	6.58568027428718	0.769387236527374	1.49135800881507E-4	99.9656661082359
473	5.36842440481837		6.93736750157652		1.00434982776642	5.35852528419809	6.96375439663148	0.769487977173654	3.06550962281432E-4	99.9294389384345
472	5.62803841745287		7.26293980252169		1.00542318820953	5.6181392968326	7.29853458345703	0.769762646540959	2.82247799872026E-4	99.9350311562472
471	5.84121655380809		7.52838969159773		1.0065370798111	5.83131743318781	7.57380566452753	0.769932275988967	1.8340920847002E-4	99.9577773853217
470	6.0272041629282		7.75920846508948		1.00769698619843	6.01730504230793	7.8151288978419	0.769955956064854	2.20068525839975E-4	99.9493401857157
469	6.17288105443595		7.93810964845666		1.00889205932617	6.16298193381567	8.00488919360768	0.769902216602465	2.49334307395706E-4	99.9426051312217
468	6.24325070747508		8.0213379684366		1.01006615161896	6.2333515868548	8.0982709459281	0.769713884417389	2.54042470593065E-4	99.9415216646699
467	6.24805284368636		8.019352604675		1.01115047931671	6.23815372306608	8.1049571121222	0.769671404397189	2.26546087928889E-4	99.9478494386407
466	6.20249717980589		7.95235220211069		1.01216447353363	6.19259805918561	8.04526943625127	0.769719163323768	2.63962764531495E-4	99.9392387944299
465	6.1417187254589		7.86827650664586		1.01307439804077	6.13181960483863	7.9673271086489	0.769620667159788	2.66075427603247E-4	99.938752632541
464	6.07179550796486		7.77285322821855		1.01387333869934	6.06189638734459	7.87686326233385	0.769582533739262	2.23215787902545E-4	99.9486158715928
463	5.99660872848014		7.67367515244298		1.01454770565033	5.98670960785987	7.78148158401897	0.769353437802247	2.16981806970585E-4	99.9500505714645
462	5.93623018868234		7.5949263490467		1.01511299610138	5.92633106806206	7.70587837268488	0.76906626103381	3.34992616147978E-4	99.9228948408963
461	5.87628149507422		7.51476718188654		1.01557767391205	5.86638237445395	7.62799795265465	0.76905924868692	1.74395025065192E-4	99.9598521229172
460	5.76632070449798		7.37267088118479		1.01598358154297	5.75642158387771	7.48667921397899	0.768888504415873	2.76872322949111E-4	99.936268109054
459	5.66479195734508		7.24379428257866		1.01623845100403	5.6548928367248	7.35758796606053	0.768579711559005	1.96516021947848E-4	99.9547607497689
458	5.55731247779408		7.10858013516973		1.01637935638428	5.5474133571738	7.22117925588825	0.768214326302779	2.98337781532096E-4	99.9313287766414
457	5.46548540296569		6.99234832411074		1.01642441749573	5.45558628234541	7.10335855554219	0.768029128712481	2.00668673122319E-4	99.9538050036393
456	5.40846485875993		6.92338991374175		1.01638066768646	5.39856573813966	7.03296481153333	0.767608808348731	2.66676342130829E-4	99.9386143516986
455	5.33554089664898		6.83578135696291		1.01623702049255	5.32564177602871	6.94293976927687	0.767058616811736	2.87200356422289E-4	99.9338915353407
454	5.25927712742247		6.74310735830978		1.01600134372711	5.24937800680219	6.84717271649667	0.766648984062434	2.04212468891477E-4	99.952989394782
453	5.16007809217431		6.62296977334061		1.01566588878632	5.15017897155404	6.72289232648979	0.766065961113361	1.74970633706594E-4	99.9597196374288
452	5.02600078558115		6.45808273786665		1.01526415348053	5.01610166496088	6.55282926497834	0.765486397115439	2.83971052953033E-4	99.9346346211406
451	4.85681917004623		6.24772517034782		1.01477611064911	4.84692004942596	6.3362134511894	0.764955298107283	2.63291837840514E-4	99.9393931872609
450	4.63657671487159		5.9704911504595		1.01419520378113	4.62667759425132	6.05141688322169	0.764561041411535	2.88986621721407E-4	99.933480505307
449	4.42136934268464		5.69921836101611		1.0135600566864	4.41147022206437	5.77267587570726	0.764198495991927	2.03022935653365E-4	99.953263166545
448	4.17939219521404		5.39551615275699		1.01285493373871	4.16949307459376	5.46105360649616	0.763496089771755	2.48689205245982E-4	99.9427535863368
447	3.99868068470565		5.16949910043745		1.01211142539978	3.98878156408538	5.22829035954761	0.762922731864211	2.24611220262673E-4	99.9482947270361
446	3.81470771180796		4.94021056375599		1.01131975650787	3.80480859118769	4.99231678783995	0.762132843904309	2.27019033482764E-4	99.9477405957536
445	3.70810796858157		4.81099146026841		1.01049888134003	3.6982088479613	4.85768882934256	0.761310363402139	2.73714151370233E-4	99.9369948441206
444	3.62347875749395		4.7072006647847		1.00964379310608	3.61357963687368	4.74878650099737	0.760948009794656	1.82617788480183E-4	99.957959539732
443	3.58482156770701		4.66233036467103		1.00880837440491	3.57492244708674	4.69959163508881	0.760687890495655	1.78590614391997E-4	99.9588864452944
442	3.55082322799911		4.62288904402785		1.00797557830811	3.54092410737884	4.65595611875307	0.760514922620693	2.57581956231606E-4	99.9407071478987
441	3.52871526910307		4.59699993280317		1.00718784332275	3.5188161484828	4.6262422813806	0.760620809386725	1.66863721057015E-4	99.9615855885584
440	3.51054531067958		4.57713211061693		1.00642335414886	3.50064619005931	4.60273536890859	0.760557779121112	2.92451712434678E-4	99.9326831726025
439	3.48919061105788		4.54976525281613		1.00571870803833	3.47929149043761	4.57198940836158	0.761001651507423	1.79229084289144E-4	99.958739492718
438	3.48179545727884		4.54068610246178		1.00510931015015	3.47189633665857	4.56009355176202	0.761365155615508	1.92201538396966E-4	99.9557537518244
437	3.49653368964182		4.55879976205737		1.00464129447937	3.48663456902155	4.57616793577881	0.761911411021712	2.1108831396361E-4	99.9514069297547
436	3.51246347473442		4.57684218141887		1.00431418418884	3.50256435411415	4.59279819734841	0.762621000011781	2.55303983638817E-4	99.9412313608426
435	3.5473493266458		4.61896411728572		1.00416374206543	3.53745020602553	4.63440753586034	0.763301496179021	2.04919360895708E-4	99.9528267035335
434	3.58758744904361		4.66612551846446		1.00418722629547	3.57768832842334	4.68187479670702	0.764157198509387	1.84286358804637E-4	99.9575754994747
433	3.6563996557999		4.74970595025939		1.00440275669098	3.64650053517963	4.76682809147953	0.764974206159767	1.84116637769726E-4	99.9576145626155
432	3.7202950901149		4.82657690942489		1.00481104850769	3.71039596949463	4.84600660612562	0.765660526505368	2.25612659502253E-4	99.9480642566225
431	3.78874075634531		4.90865895255394		1.00536251068115	3.77884163572504	4.93118840898803	0.766314592408877	1.49286213379889E-4	99.9656314863754
430	3.85165917650406		4.98434901572806		1.00603294372559	3.84176005588379	5.01062350364438	0.76672295435679	1.90015525829959E-4	99.956256878373
429	3.90953788721029		5.05375270197417		1.0067173242569	3.89963876659002	5.0839020061836	0.767056241809312	1.59218301161446E-4	99.96334535078
428	3.9436554407849		5.09476135659546		1.00732290744781	3.93375632016463	5.128269146181	0.76707290667341	2.36232041801163E-4	99.9456203532985
427	3.96633656862396		5.12024498686473		1.00784730911255	3.95643744800368	5.15662247711919	0.767253655965522	9.89664180181061E-5	99.977214736352
426	3.96530185183122		5.11877405181201		1.00823533535004	3.95540273121094	5.15712475377922	0.76697829121011	1.95618074362049E-4	99.9549674165184
425	3.96529959353044		5.11977882475722		1.00844466686249	3.95540047291017	5.15920874259382	0.766668043542191	1.97445104691237E-4	99.9545469175701
424	3.92991730607417		5.07739691574688		1.00845658779144	3.9200181854539	5.11652941479058	0.76614788417362	7.89231157008807E-5	99.981828932168
423	3.86515513592279		5.00058870072176		1.00823640823364	3.85525601530252	5.03797146769087	0.765239747788717	1.97481523188948E-4	99.954538535713
422	3.79563543405214		4.9177093919709		1.00780355930328	3.78573631343187	4.95228253902808	0.764442715777449	1.53975234316761E-4	99.9645521763033
421	3.71231028790071		4.81784446317072		1.00717306137085	3.70241116728044	4.84860304625897	0.763603687898745	1.72390336044194E-4	99.9603135353664
420	3.60940096214005		4.69350928300348		1.00632703304291	3.59950184151977	4.71940835250728	0.762701926314018	1.36091250076061E-4	99.9686687408932
419	3.6727871069063		4.78636201700745		1.00541400909424	3.66288798628603	4.80848195056083	0.761755586055348	2.22396472325191E-4	99.9488044292158
418	3.52350682185826		4.60569252310047		1.00442969799042	3.51360770123799	4.6223045899312	0.76014196660508	3.29041073692476E-4	99.9242641869289
417	3.40528908551423		4.46318082933398		1.00336182117462	3.39538996489396	4.47439951421788	0.758848188255148	2.22544836404512E-4	99.9487702846193
416	3.28911696683781		4.32447136943901		1.00222516059875	3.27921784621753	4.33031257047977	0.757270472476359	2.29182751040478E-4	99.9472426429785
415	3.19829599552102		4.21682671654883		1.00108110904694	3.18839687490075	4.21760844036034	0.755972708227117	2.95747403429705E-4	99.9319248254253
414	3.12687047090408		4.13130498837493		1	3.11697135028381	4.12753194174866	0.755165894358477	2.62621188353185E-4	99.9395475165406
413	3.07335372307105		4.06952411703977		0.998973429203033	3.06345460245077	4.06157728909687	0.754252445392209	2.73650747935914E-4	99.9370094341037
412	2.99301840845065		3.97280786986763		0.997905433177948	2.98311928783037	3.96072141458503	0.753175741380165	3.13634415590156E-4	99.9278090771955
411	2.91737945611616		3.88271648839168		0.996788322925568	2.90748033549589	3.86648552804047	0.751969796449594	2.83784892768112E-4	99.9346774580976
410	2.84561068198888		3.79665921334492		0.99567312002182	2.8357115613686	3.77647480350436	0.750888516120171	2.70554440098811E-4	99.9377219387785
409	2.77665573841675		3.7128464329181		0.994610667228699	2.76675661779648	3.68908395553993	0.749984725514749	3.18239005319993E-4	99.9267496022463
408	2.72880554329545		3.65560143802966		0.993608474731445	2.71890642267518	3.6284876379633	0.749322222908638	2.56727016613175E-4	99.9409038884923
407	2.69467717429119		3.61479893575129		0.992691278457642	2.68477805367092	3.58463390641915	0.748968548465487	2.98270155070628E-4	99.9313443375176
406	2.664647804294		3.57949140415409		0.991901516914368	2.65474868367373	3.54676046289039	0.748499570650528	2.63493434063069E-4	99.9393467961592
405	2.64926241617188		3.56253512980778		0.991254270076752	2.63936329555161	3.52763811114091	0.748195595011867	2.98052169479525E-4	99.9313944961071
404	2.64175438397532		3.55500290327538		0.990834653377533	2.63185526335505	3.51868160407686	0.747966300874081	2.60024619419377E-4	99.9401450389843
403	2.64912677164117		3.56721924844141		0.990659058094025	2.6392276510209	3.53016025785891	0.747622617173088	2.94275259028594E-4	99.9322635690177
402	2.66332756504146		3.58751243683688		0.99070817232132	2.65342844442119	3.55043990135147	0.747352023452407	3.04935858747138E-4	99.9298105680472
401	2.6869343886776		3.61946133807641		0.991027057170868	2.67703526805733	3.58324492712299	0.747098041720173	2.74144939474591E-4	99.9368957140395
400	2.70404459368736		3.64163038095658		0.991591811180115	2.69414547306709	3.60726954296345	0.746865583782737	2.55717543987735E-4	99.9411361910614
399	2.72094416637374		3.66291784425042		0.992447733879089	2.71104504575346	3.63150996233754	0.746533831345573	2.3390230146639E-4	99.9461565055575
398	2.72322065562245		3.66345164551782		0.99357545375824	2.71332153500218	3.63616682450299	0.746203809109626	2.54423023480352E-4	99.9414340904097
397	2.7419353161922		3.68522299552848		0.99498325586319	2.73203619557193	3.66298105645609	0.745850484472654	2.41957206524962E-4	99.9443028109575
396	2.73789697392319		3.67573079585938		0.996666491031647	2.72799785330291	3.65971724514462	0.745412191863229	2.71322830816579E-4	99.9375451206213
395	2.73362566046369		3.66504852051144		0.998634338378906	2.72372653984342	3.65627541048623	0.744945671223712	2.76581905352423E-4	99.936334937581
394	2.73136043830477		3.65694019534853		1.00088000297546	2.7214613176845	3.65638194668299	0.744304440118287	2.94608062674455E-4	99.9321869900827
393	2.72728692757886		3.64580060799069		1.00338685512543	2.71738780695859	3.65436258107757	0.743601037573372	2.23409848773966E-4	99.9485712103964
392	2.72760565316353		3.64107312998224		1.00611889362335	2.71770653254325	3.65955633564223	0.742632790230379	2.67648501435928E-4	99.9383906414071
391	2.73130329719172		3.63997986826786		1.00907671451569	2.72140417657145	3.66921163288162	0.74168634814727	2.76061265267409E-4	99.9364547431398
390	2.74006464969577		3.64477281258464		1.01226460933685	2.7301655290755	3.68565520568342	0.740754459306307	2.63333532724954E-4	99.9393835924781
389	2.75230321165859		3.65451618412774		1.01579105854034	2.74240409103832	3.70839223610151	0.739512952362692	2.36099822837163E-4	99.945650781289
388	2.76946604117985		3.67011835691696		1.0196373462677	2.75956692055958	3.73834260268583	0.738179245149163	2.53591186415033E-4	99.94162551598
387	2.78889289657098		3.68905268301318		1.02374601364136	2.7789937759507	3.77279033690477	0.736588447220902	2.56730080162366E-4	99.9409031835009
386	2.80520372414252		3.70424084213218		1.02809154987335	2.79530460352225	3.80441967113809	0.734751905718654	2.47884294142945E-4	99.94293881804
385	2.83024333585887		3.73122017552047		1.03263711929321	2.8203442152386	3.84910026549906	0.732728175599481	2.59769219805768E-4	99.9402038117364
384	2.84562857749662		3.74509673796502		1.03739488124847	2.83572945687634	3.88123004648846	0.730626482561106	2.19802330571083E-4	99.949401448409
383	2.86919382398449		3.76961991901937		1.04228162765503	2.85929470336421	3.92507300765748	0.728469176951861	2.24342705599828E-4	99.948356522873
382	2.87544538645951		3.77245544146898		1.04716074466705	2.86554626583923	3.9464162629971	0.726113535641827	2.57545424684031E-4	99.9407155546112
381	2.88487567206636		3.77863245560446		1.05201208591461	2.87497655144608	3.97119772087354	0.723957041054526	1.96370716066921E-4	99.9547941925539
380	2.89269792545307		3.78459714063921		1.05682492256165	2.88279880483279	3.99566913037443	0.721480861094885	2.91731576654238E-4	99.9328488785081
379	2.89557576967985		3.78374331984185		1.061567902565	2.88567664905958	4.01269511469551	0.719136781284851	2.40686724131834E-4	99.9445951878309
378	2.89412850406063		3.77748184525749		1.06622624397278	2.88422938344036	4.02362735821159	0.716823186310756	2.25138987600437E-4	99.9481732670233
377	2.89923597474335		3.77971916214308		1.07074952125549	2.88933685412308	4.04309249547616	0.714635358294665	2.39631375581903E-4	99.9448380564745
376	2.89771303773772		3.77366167925713		1.07512474060059	2.88781391711744	4.05310053825035	0.712495012118318	1.96654492216144E-4	99.9547288802405
375	2.89933785462576		3.7726566987924		1.07931578159332	2.88943873400548	4.06781560477197	0.710317038613025	3.051600322917E-4	99.9297589864246
374	2.89819364076314		3.76778548299155		1.08323669433594	2.88829452014287	4.07731638900768	0.708381259774106	2.58657664055382E-4	99.9404596041884
373	2.90654075987041		3.77556100786282		1.08680582046509	2.89664163925014	4.09920110983203	0.70663564963975	2.47821765554872E-4	99.942953207565
372	2.91296148738382		3.78110029006725		1.08998930454254	2.90306236676354	4.11724629510783	0.70509805794543	2.14101012583696E-4	99.9507135697563
371	2.91568286188466		3.78227248244538		1.09271693229675	2.90578374126439	4.12883031219326	0.703778920795807	2.6985506165856E-4	99.9378828764539
370	2.9265495244389		3.79432605905737		1.09493815898895	2.91665040381862	4.15042113698134	0.702736013420544	2.49022599051938E-4	99.9426768635517
369	2.93365112353161		3.80117687690109		1.09609699249268	2.92375200291134	4.16232291764439	0.702432766693171	2.33558676875031E-4	99.9462355854727
368	2.9407057621753		3.80835976261458		1.09620356559753	2.93080664155503	4.17060152369139	0.702729959912588	2.45474063147512E-4	99.9434934790992
367	2.96169682654455		3.8336936492321		1.09532988071442	2.95179770592428	4.19502647679792	0.703642211139843	2.91285057634477E-4	99.9329516243235
366	2.96804848667542		3.84010796805412		1.09350752830505	2.95814936605515	4.19506111768093	0.705150481261746	2.43174006793435E-4	99.9440227887854
365	2.99568460717046		3.87427060219496		1.09079897403717	2.98578548655019	4.2219347626277	0.707207869003607	2.92674345678802E-4	99.9326319439254
364	3.00587475605552		3.88611484042888		1.08727586269379	2.99597563543525	4.22117652312888	0.709748957197017	3.09663940268963E-4	99.9287226571051
363	3.03162056894093		3.91742681540142		1.08299589157104	3.02172144832066	4.23847095261502	0.712927251856318	2.71091839314602E-4	99.937598275176
362	3.05346612549426		3.94417150523596		1.07849431037903	3.04356700487399	4.24969731823684	0.716184419020397	3.47676151513213E-4	99.9199766434135
361	3.07943255605457		3.97544528440787		1.07380759716034	3.0695334354343	4.26481182236069	0.71973478861143	2.55902963758746E-4	99.941093521722
360	3.09143862290113		3.98874762810472		1.06893277168274	3.08153950228085	4.25966992446502	0.723422132917463	2.33974177417583E-4	99.9461399644206
359	3.11993917210365		4.02372600931261		1.06376707553864	3.11004005148338	4.27629360691972	0.727274676942398	2.44025491874588E-4	99.9438268370419
358	3.14306400111281		4.05186038420019		1.05833911895752	3.13316488049254	4.28424918631107	0.731321812583533	2.5841831597089E-4	99.9405146833228
357	3.1680963496456		4.08153725175739		1.05269610881805	3.15819722902533	4.29264651141907	0.735722641178131	2.40112507556722E-4	99.9447273329155
356	3.18211878611301		4.09773781321609		1.04688131809235	3.17221966549273	4.28589523107117	0.74015333890929	1.88903530183064E-4	99.956512813158
355	3.20751278015216		4.12810305967679		1.0409619808197	3.19761365953189	4.29327073993921	0.744796648807935	2.29231848863871E-4	99.9472313437519
354	3.22387573174694		4.14756298391544		1.03497338294983	3.21397661112666	4.28871228962963	0.749403642416922	2.26120463196556E-4	99.9479473912956
353	3.24626948165745		4.1743209061718		1.02894842624664	3.23637036103718	4.29127865666567	0.754173900128835	2.50715763431804E-4	99.9422872222883
352	3.26069311441232		4.19023684849101		1.02306663990021	3.25079399379205	4.28303145483761	0.758993723970981	2.2076939070046E-4	99.9491788875028
351	3.27291072910959		4.20387360380762		1.01734268665314	3.26301160848932	4.27294158505621	0.763645264868838	2.1448026678253E-4	99.9506262863281
350	3.28573304351148		4.21826809837901		1.01178658008575	3.27583392289121	4.26416953520123	0.768223189966723	1.9252113176183E-4	99.9556801953201
349	3.2955877675932		4.22918457782758		1.00650131702423	3.28568864697293	4.25288227112348	0.772579262135311	1.82474402863009E-4	99.957992541616
348	3.3105619984904		4.2464823682858		1.00149571895599	3.30066287787012	4.2490552224167	0.776799242442613	2.11193972325146E-4	99.9513826128429
347	3.32390129287069		4.26138894781608		0.99670946598053	3.31400217225042	4.2436060712251	0.780940105332087	1.79703158699878E-4	99.9586303781502
346	3.3260251576083		4.26208209966878		0.99214780330658	3.31612603698802	4.22487197277664	0.784905686694364	2.5768312108112E-4	99.9406838676457
345	3.34687288701718		4.28659071773491		0.987797260284424	3.33697376639691	4.23055556181883	0.788779090035696	1.5132181697512E-4	99.9651629335145
344	3.34335076789063		4.28012213865919		0.983641147613525	3.33345164727036	4.20639292848332	0.792472720438954	2.06715445700685E-4	99.9524133356702
343	3.36471718626229		4.30569141345937		0.979665756225586	3.35481806564201	4.21444211006428	0.796028982728355	1.57791946171201E-4	99.9636736613079
342	3.35988974487532		4.29832893790285		0.975760638713837	3.34999062425505	4.1904585994643	0.799432936691776	1.86989178214568E-4	99.9569534182699
341	3.37484782587024		4.31567532455229		0.971918165683746	3.36494870524997	4.19081615256942	0.802933982963413	1.54547485432778E-4	99.9644204574093
340	3.37745035271531		4.31798367415244		0.968130171298981	3.36755123209504	4.17671747384679	0.806267422487042	1.5479520063897E-4	99.9643634391855
339	3.37700495476787		4.31712869368711		0.964619815349579	3.3671058341476	4.16074832780488	0.809254866882085	1.94969576740425E-4	99.9551166714819
338	3.37143665645028		4.30956405748686		0.961340546607971	3.36153753583001	4.13933148396041	0.812096723554445	1.14070438738984E-4	99.973737759951
337	3.37522527948202		4.31531264144827		0.958259046077728	3.36532615886174	4.13157181926048	0.814538946938628	1.34132115471552E-4	99.9691197079863
336	3.3495747668892		4.28435231442354		0.955322027206421	3.33967564626892	4.08933166372986	0.816680064346461	1.66332108771461E-4	99.9617079498633
335	3.34026428108656		4.27422936524524		0.952541172504425	3.33036516046628	4.06778546886624	0.818717011001691	1.5471335362979E-4	99.9643822784415
334	3.31750047502517		4.24802456798667		0.949889779090881	3.3076013544049	4.03157114003116	0.820424901240694	8.68694615042531E-5	99.9799995676436
333	3.28982980863183		4.21654186547575		0.94739955663681	3.27993068801156	3.99117531119137	0.821795694820655	1.63510455722691E-4	99.9623574128107
332	3.25719518962161		4.18020847939046		0.944806516170502	3.24729606900134	3.94592341124097	0.822949593940567	8.34307408167208E-5	99.9807912071147
331	3.21270762876422		4.12994206113428		0.942112147808075	3.20280850814394	3.88731395247727	0.823913001959332	1.61204772656057E-4	99.9628881175196
330	3.16229490923909		4.07279812825715		0.939315378665924	3.15239578861882	3.82209783535325	0.824781553067561	1.06617069988862E-4	99.9754535255386
329	3.10579569071485		4.00850236435391		0.936610460281372	3.09589657009458	3.75087136957919	0.825380628939539	1.50649847118315E-4	99.9653176065094
328	3.05915101316686		3.9562345300901		0.933943271636963	3.04925189254659	3.69137480888529	0.826047760093857	7.60294640349502E-5	99.9824951012347
327	3.00700219745727		3.89630830962643		0.931326270103455	2.997103076837	3.62522034773611	0.826736802001191	1.50988409509867E-4	99.9652396767055
326	2.967159827011		3.85247926927422		0.92875337600708	2.95726070639073	3.57449889754374	0.82732175646294	8.93518903384876E-5	99.9794280832366
325	2.91161499080717		3.7886373872051		0.926237106323242	2.90171587018689	3.50568179464376	0.827717984735623	8.21209307181627E-5	99.9810927445574
324	2.86907177808654		3.74013627655906		0.923812508583069	2.85917265746626	3.45169908842174	0.828337750256669	1.07530311761488E-4	99.9752432956872
323	2.83086898282903		3.69769240465834		0.921528518199921	2.82096986220876	3.4040520323573	0.828709383814925	1.30031712439625E-4	99.9700635735746
322	2.78209567980126		3.64028345713383		0.919212281703949	2.77219655918099	3.34272503188282	0.829322344117406	1.07598908031925E-4	99.9752275047238
321	2.7480122204648		3.60125759059055		0.916910946369171	2.73811309984452	3.29857295775475	0.830090204131268	1.0745333354493E-4	99.9752610161901
320	2.72003222790082		3.56867739052543		0.914670467376709	2.71013310728055	3.2607127223875	0.831147463152223	1.01285655753333E-4	99.9766808352328
319	2.6940427504656		3.53930279347483		0.912529110908508	2.68414362984533	3.2262738164823	0.831963987722509	1.01995261076817E-4	99.9765174808041
318	2.66553652499357		3.50626701479824		0.910539090633392	2.6556374043733	3.18915767272825	0.832708093137793	7.10614423058257E-5	99.9836388368103
317	2.63772340254611		3.47450856765952		0.908678650856018	2.62782428192584	3.15378327073055	0.833229190576919	8.8141399725422E-5	99.9797067520498
316	2.6079838518837		3.44004819182065		0.906927943229675	2.59808473126343	3.11645394980239	0.833666973140471	9.12593105730606E-5	99.9789889748129
315	2.58605055119009		3.41565054787517		0.905307412147522	2.57615143056982	3.08879799121999	0.834030402082819	7.14406023465333E-5	99.9835515463067
314	2.56039920851915		3.38556813832741		0.903821349143982	2.55050008789888	3.05653860230981	0.834440659761821	7.30321919660028E-5	99.9831851302048
313	2.53773923546516		3.35950262329484		0.902508914470673	2.52784011484489	3.02857585749628	0.834662968268741	5.48706145722954E-5	99.9873663721942
312	2.50878564671367		3.32508110243629		0.901354432106018	2.4988865260934	2.99367573649378	0.834721842326222	6.18073617562761E-5	99.9857693416725
311	2.48169515609926		3.29360388088238		0.900331139564514	2.47179603547899	2.96193714398027	0.834520084432774	7.58769181976938E-5	99.9825302200694
310	2.45408928462754		3.26171905434963		0.899488806724548	2.44419016400726	2.93048596686008	0.834056259490002	2.46951142068676E-5	99.9943139014805
309	2.41746899668793		3.21875468684552		0.898925364017487	2.40756987606765	2.89002854124363	0.833060934073557	8.03524322329093E-5	99.9814998802187
308	2.38705439720008		3.18364470163425		0.898677170276642	2.37715527657981	2.85767806076547	0.831848523882726	7.45921133688E-5	99.9828260060694
307	2.35673280308296		3.14809671593645		0.898729979991913	2.34683368246269	2.82589794840723	0.830473614160567	5.35055417176196E-5	99.9876806526188
306	2.33372550337021		3.12174279758473		0.899035274982452	2.32382638274993	2.8031647924399	0.829000988103611	3.44904856856014E-5	99.9920585875279
305	2.30933262016689		3.09378848861439		0.899677276611328	2.29943349954662	2.78001667753482	0.827129390312018	6.16369292241565E-5	99.9858085796364
304	2.27631250311134		3.05485343017622		0.900652170181274	2.26641338249106	2.74796216884178	0.824761493512963	2.28007458155486E-5	99.9947500720711
303	2.23898998128781		3.01157135027104		0.901984810829163	2.22909086066754	2.7129883839253	0.821636713918534	4.02852304381917E-5	99.9907244131017
302	2.19587125587417		2.96064826697843		0.903549313545227	2.1859721352539	2.67168257558808	0.8182005434432	4.25812884964644E-5	99.9901957766321
301	2.16034075064505		2.91973300835285		0.905354738235474	2.15044163002477	2.63997816785409	0.814567959769442	7.01948262719158E-5	99.9838383500775
300	2.11105677867401		2.86028355790681		0.907451450824738	2.10115765805374	2.59214460775763	0.810586589870604	5.90153193291478E-5	99.9864121437783
299	2.07176538478804		2.81350232030077		0.910263776779175	2.06186626416777	2.55759478038195	0.806173941229207	7.56860322430939E-6	99.9982572798896
298	2.03163986004603		2.76616937371256		0.913794457912445	2.02174073942576	2.52426245424914	0.800923349322302	2.9565430740429E-5	99.993192539709
297	1.98312954529846		2.70796517472638		0.917980194091797	1.97323042467819	2.48239481461485	0.79488984309063	-1.31161792746976E-6	100.000302011645
296	1.93887966754559		2.65513452308201		0.922788560390472	1.92898054692531	2.44664603993335	0.788418314476688	1.79895802552902E-5	99.9958578318576
295	1.89373049780412		2.60116357603204		0.928298592567444	1.88383137718385	2.41115397279539	0.781298663809436	-3.49637141431064E-5	100.008051016775
294	1.83594264403112		2.53086621303169		0.934404373168945	1.82604352341085	2.36132690609458	0.773312462030495	-3.21853724007104E-5	100.007411230488
293	1.78159340108423		2.46552221915217		0.941053092479706	1.77169428046396	2.31663667171485	0.764770022893789	2.51304868669414E-5	99.9942136589712
292	1.73535798867132		2.40988955335884		0.947771847248077	1.72545886805105	2.28044948628001	0.756631040692642	-4.91829696033766E-6	100.001132486139
291	1.68217468810258		2.34503064248519		0.954483270645142	1.67227556748231	2.2346912075182	0.748325120650339	1.71505982313701E-5	99.9960510067924
290	1.62757697103559		2.27893310856961		0.961205065250397	1.61767785041531	2.18689537579535	0.739714331247778	1.27786499236593E-5	99.9970576504057
289	1.56752704451772		2.20565632663585		0.967701375484467	1.55762792389745	2.13076547872152	0.731018002427955	-2.18178616130421E-5	100.005023874483
288	1.50001391002187		2.12412349004758		0.973872363567352	1.49011478940159	2.06495069792579	0.721622453697509	-1.96173604892873E-5	100.004517166204
287	1.43288754310259		2.04234438881185		0.979641914367676	1.42298842248232	1.99706993223376	0.712538103706101	1.61726429761184E-5	99.9962761806728
286	1.37578707946356		1.9731537152602		0.985037505626678	1.36588795884329	1.93991382146056	0.704097235523026	-1.63752071864918E-5	100.003770601882
285	1.31855634238756		1.90378757784206		0.990005016326904	1.30865722176729	1.88102391699764	0.695715354781918	-6.34922189830006E-5	100.014620692414
284	1.26506502180052		1.83875190915662		0.994526863098145	1.25516590118025	1.8249357720037	0.687786343188465	-7.32267558291614E-6	100.001686122579
283	1.21580889406765		1.77899701437585		0.998537302017212	1.20590977344738	1.77262735123296	0.680295140774287	-5.52951731330168E-5	100.012732994714
282	1.15912453150118		1.70965485156699		1.00214016437531	1.14922541088091	1.70953267240814	0.672245362390207	-2.13219159170245E-5	100.004909673095
281	1.10791503463549		1.64725347242181		1.00528156757355	1.09801591401522	1.65216057872017	0.664593943323464	-1.18811846211135E-5	100.002735781281
280	1.05567303044971		1.58422610908723		1.00794303417206	1.04577390982943	1.59300665514341	0.656478054534736	2.33983140558671E-4	99.9461379016927
279	1.01106274620413		1.52992656401611		1.00999760627747	1.00116362558386	1.54141139937567	0.64951097804867	1.19109271659129E-5	99.9972574452751
278	0.970131079802747		1.479288301279		1.01076138019562	0.960231959182474	1.49139383529248	0.643848684672995	3.88734903373525E-6	99.9991049088123
277	0.938555783908408		1.44173546787192		1.01021814346313	0.928656663288134	1.45265572756053	0.639282003071465	-3.64045172622355E-5	100.008382801214
276	0.902785401360909		1.39762831930549		1.00850391387939	0.892886280740636	1.40570849787842	0.635185945086221	2.68676500721447E-5	99.9938136863063
275	0.875513773662264		1.36522977512342		1.00567150115967	0.865614653041991	1.36917823191166	0.632214734989915	-3.36053820723455E-5	100.007738224566
274	0.848117091032478		1.33226536332887		1.00166654586792	0.838217970412205	1.33070631008356	0.629904558248895	-5.77078916329434E-5	100.013288615961
273	0.828331597642299		1.30966513301147		0.996584177017212	0.818432477022025	1.30143139018348	0.628871013251527	-5.7079264319241E-5	100.013143850042
272	0.807484689156263		1.28469259587981		0.990479826927185	0.79758556853599	1.26872497345229	0.628651272123781	-3.7134682453209E-5	100.008550942197
271	0.793738978456793		1.2700500620638		0.984030902385712	0.78383985783652	1.24605571417128	0.629056830221941	-5.72893157185347E-5	100.013192222533
270	0.78044750817299		1.25490155901154		0.977289319038391	0.770548387552716	1.22271453189851	0.630194838983621	-3.19061907721041E-5	100.007346941799
269	0.765553283684164		1.23827078972985		0.969450056552887	0.755654163063891	1.19678390686617	0.631404014315836	-4.41479164376813E-5	100.010165950125
268	0.75372074283789		1.22604529386805		0.960526764392853	0.743821622217617	1.17402520685033	0.633565291339135	-7.27246802625032E-5	100.0167468786
267	0.739610968113996		1.20927763341259		0.95069831609726	0.729711847493723	1.14607118070528	0.636707265463798	-1.28665639113957E-4	100.029630747299
266	0.728976585527095		1.19872220132586		0.940096080303192	0.719077464906821	1.1233670164947	0.640109113360473	-1.15433295015344E-4	100.026583031095
265	0.715699832345283		1.18294466690405		0.928679645061493	0.70580071172501	1.09507268178615	0.644524079053634	-1.05863094262171E-4	100.024378849433
264	0.702437987000325		1.16758249502939		0.916590332984924	0.692538866380052	1.06673648984282	0.649212690270018	-1.40734641053796E-4	100.032410599756
263	0.687296625061315		1.14910103300608		0.903754353523254	0.677397504441042	1.03509515390277	0.654430176672118	-1.7696999265472E-4	100.04075715017
262	0.6737690982599		1.13244316869275		0.890914976596832	0.663869977639627	1.0055491153864	0.660206416058078	-1.91713954163625E-4	100.044153514093
261	0.657858263057363		1.11213633131052		0.878135800361633	0.64795914243709	0.973293480087647	0.665738706457522	-1.77689933032718E-4	100.04092299027
260	0.64086298266873		1.08959038718674		0.865367650985718	0.630963862048457	0.939631201400369	0.671501607341377	-1.98921186899999E-4	100.045813787275
259	0.622930008497223		1.06591934541121		0.85245943069458	0.613030887876949	0.905436629176559	0.677055542180201	-2.69511656474646E-4	100.062076611817
258	0.601779964331246		1.03717684064324		0.839563012123108	0.591880843710972	0.867607602044335	0.682198775479064	-2.01680952348096E-4	100.046449539901
257	0.583549335436807		1.01238961692637		0.826433718204498	0.573650214816533	0.833554742435778	0.688197409974824	-2.56647206805084E-4	100.05911266791
256	0.564133031498277		0.985185472747964		0.81306129693985	0.554233910878004	0.797948460015386	0.694573570412451	-2.68627276331492E-4	100.061872849561
255	0.548447310735759		0.963559508478908		0.799651682376862	0.538548190115485	0.767494858942995	0.701696153192716	-3.00637730184653E-4	100.069248361206
254	0.528888787254341		0.935986319807346		0.786224722862244	0.518989666634067	0.732929122355294	0.708103486141027	-3.27540155533704E-4	100.075447355158
253	0.507561016343468		0.905069823654027		0.772798895835876	0.497661895723195	0.696521154107482	0.714496455403276	-3.68287482853741E-4	100.084837293287
252	0.489930048701516		0.880193667137216		0.759391844272614	0.480030928081242	0.665546671368353	0.721258100644252	-3.77673616539891E-4	100.087000387347
251	0.467766352501015		0.847639954803916		0.746072351932526	0.457867231880742	0.629585768902122	0.727251558876839	-3.28220407997741E-4	100.075604107376
250	0.448895031470464		0.820051989521085		0.732924580574036	0.438995910850191	0.598270901852597	0.733774464863329	-4.09183150174739E-4	100.094262301198
249	0.427501716431436		0.788089190576537		0.720633029937744	0.417602595811163	0.565204119243966	0.738852711069693	-4.1547692647938E-4	100.095712873304
248	0.407953118792263		0.75866398775222		0.708929538726807	0.39805399817199	0.535164486681462	0.743797482976327	-4.75222819210067E-4	100.109483987945
247	0.389560754363802		0.730590178049944		0.697923898696899	0.379661633743529	0.507263046002905	0.748451196544199	-4.70090560232872E-4	100.108300954811
246	0.369594326831279		0.69922285334618		0.6875981092453	0.359695206211006	0.478189972175617	0.752201482968167	-4.95446414265765E-4	100.114145849629
245	0.35223880016723		0.671855801758756		0.678074300289154	0.342339679546957	0.453009746721708	0.755700472284236	-5.937065514928E-4	100.136799470736
244	0.330343991294757		0.636272838338927		0.669374763965607	0.320444870674483	0.423379398785953	0.756874027393312	-5.63074729037493E-4	100.129736833243
243	0.311238138099615		0.604787062707902		0.661558091640472	0.301339017479342	0.397605685528138	0.757884075724608	-5.52131982636288E-4	100.127213935626
242	0.291725441339205		0.571663985447677		0.653966724872589	0.281826320718932	0.371381777345853	0.758858775282554	-5.45864221403304E-4	100.125768904737
241	0.274743976258134		0.541974013642484		0.646870613098145	0.264844855637861	0.34814638950379	0.760728428105607	-6.05726213721019E-4	100.139570924697
240	0.260172820005323		0.51624021247578		0.640305876731873	0.250273699385049	0.328135737925566	0.762713933469267	-6.20411931967352E-4	100.142957213149
239	0.244470027709669		0.487685026127479		0.63483726978302	0.234570907089396	0.307205359881842	0.76356384921024	-7.52009722569747E-4	100.173306640371
238	0.228252530521053		0.45770417602755		0.630380034446716	0.21835340990078	0.286149120988413	0.763075592007922	-6.28532799389985E-4	100.144829802638
237	0.2100980597684		0.42328213789605		0.626808166503906	0.200198939148126	0.262951724330529	0.761352448468745	-8.85386326763521E-4	100.204075687314
236	0.193950183856361		0.39228349757802		0.624054491519928	0.184051063236088	0.24245169191887	0.759124680794866	-8.18329840151421E-4	100.188605045105
235	0.177651932578712		0.36041559609403		0.622274458408356	0.167752811958439	0.221929549315423	0.755883173177699	-9.76537639176681E-4	100.225109091989
234	0.161551444361797		0.328552388213537		0.621340751647949	0.151652323741523	0.201798640221556	0.751503199303142	-0.00107777710153899	100.248475538812
233	0.149925184032276		0.305344172974241		0.621121406555176	0.140026063412003	0.187312282173678	0.74755409408855	-0.00129309964773817	100.298190904497
232	0.13558770697775		0.27651885418073		0.621190249919891	0.125688586357476	0.169427036359355	0.741844920729714	-0.00120270559834741	100.277317012404
231	0.122557214056489		0.249922385170793		0.621524631977081	0.112658093436216	0.152987877050285	0.736385755579752	-0.0013529926087156	100.31202384533
230	0.110484678589897		0.225191318375082		0.621933937072754	0.100585557969624	0.137707537488582	0.730428848006698	-0.00148287983764355	100.342029290744
229	0.0981639362227465		0.199876995623145		0.62280935049057	0.0882648156024733	0.122135373103377	0.722680197879811	-0.00158074257045157	100.364642637382
228	0.0862640509019489		0.17516419245346		0.623824656009674	0.0763649302816757	0.106918022588748	0.714238146504142	-0.00160820572595593	100.370989521938
227	0.0764262739942373		0.154533856918829		0.624672889709473	0.066527153373964	0.0941761910203923	0.706411595681956	-0.00171925244293471	100.396657114829
226	0.0695007508361803		0.139940673078215		0.625293791294098	0.0596016302159071	0.0851447713956529	0.700003408770089	-0.00169371209176105	100.390753078306
225	0.0628631429067703		0.125837505982163		0.625641524791718	0.052964022286497	0.0763685944742957	0.693531452962956	-0.0017736591576768	100.409235203365
224	0.05733129230479		0.114021524164449		0.625679969787598	0.0474321716845167	0.0689802640952141	0.687619456183085	-0.00183011458881055	100.422288593078
223	0.051447158417169		0.101352987647382		0.625520944595337	0.0415480377968957	0.0610382968810809	0.680688025713473	-0.00199614660621169	100.460687659601
222	0.0460153707572938		0.0895805460211432		0.62475597858429	0.0361162501370205	0.0536087482543127	0.673700679704176	-0.00199298013587457	100.459955196627
221	0.0414429462684232		0.0795949524560021		0.623277485370636	0.0315438256481499	0.0472580868015625	0.667479954925026	-0.00209523857474941	100.483612157815
220	0.0378639761365448		0.0717041300769488		0.621200323104858	0.0279648555162716	0.0421988109884226	0.662692973125328	-0.00217721220758971	100.5025803568
219	0.0346965479418038		0.0646885440148938		0.618524014949799	0.0247974273215305	0.0376776980174734	0.658146028720503	-0.00228515327514944	100.52756272366
218	0.0324612000121982		0.059679530096005		0.6152663230896	0.0225620793919249	0.0343973765212912	0.655924424293216	-0.00245818814478266	100.567623650459
217	0.0302168678983634		0.0546496249876245		0.611503660678864	0.0203177472780901	0.0311112139107812	0.653068290307027	-0.00265639968198911	100.613533082081
216	0.0281734526462135		0.0500343042281734		0.607404947280884	0.0182743320259402	0.0280993167348294	0.650347914093193	-0.00253869870943916	100.586268848702
215	0.0266543454058846		0.0465866031692568		0.602963209152222	0.0167552247856114	0.0258149994483774	0.649049976511409	-0.00252879820504923	100.58397583443
214	0.0251542891450939		0.0431583357040126		0.598491311073303	0.0152551685248206	0.0235717532971372	0.647180052010531	-0.00237371070466525	100.548063491314
213	0.0238736193656653		0.0402103651347375		0.594147801399231	0.013974498745392	0.0216491526806874	0.645498646136775	-0.00253974859336531	100.586512010978
212	0.0227535733267448		0.0375933687615275		0.590187430381775	0.0128544527064715	0.0199603290156894	0.6440000410999	-0.0029800228525564	100.688535198477
211	0.0218779292186104		0.0355835714825709		0.586437284946442	0.0119788085983371	0.0186548778294484	0.64212742146333	-0.00256974856488299	100.593460514464
210	0.0210253378981646		0.0335949440567402		0.583247244358063	0.0111262172778914	0.0173935394978486	0.63967528169109	-0.00274409214021017	100.633850952203
209	0.0201963517335694		0.0316190262484735		0.579938590526581	0.0102972311132961	0.0161489581739306	0.637640583521917	-0.00316728789573919	100.731960821957
208	0.0193284918966441		0.0295898812065327		0.577307462692261	0.00942937127637086	0.0149042512662753	0.632663198433002	-0.0037211076436842	100.860497879401
207	0.0184288411357736		0.0273787406781061		0.575665593147278	0.00852972051550035	0.0135889858680014	0.627693677685373	-0.00387071500459061	100.895248659973
206	0.017843855881916		0.0253199572028273		0.574895739555359	0.00794473526164277	0.0123872270910411	0.641365109661119	-0.00261520146907484	100.603989094464
205	0.0172066586760576		0.0236465293893083		0.574898242950439	0.00730753805578434	0.0114252303217746	0.639596563918488	-0.0048555869738203	101.12431364603
204	0.0165586953932006		0.0220952851843099		0.567570567131042	0.00665957477292731	0.010399163329495	0.640395247379071	-0.0054431902318214	101.261228102139
203	0.0159907563047412		0.0207175479061084		0.570808053016663	0.00609163568446792	0.00967205778488092	0.629817958076118	-0.00541975917351473	101.255765003171
202	0.0153680359226317		0.0191853216835168		0.576338827610016	0.00546891530235841	0.00888269253729475	0.615682157115841	-0.00679486916113681	101.576880023728
201	0.0147551130182052		0.0176538595924683		0.582763433456421	0.00485599239793192	0.00808923022334612	0.600303398946066	-0.00767451453949122	101.782828261427
200	0.0141423325450373		0.0161083920311998		0.590864896774292	0.00424321192476402	0.00728852258935707	0.582177234513904	-0.00747714522055817	101.736582581951
