Wavelength	I	I dark	R	R dark	XCorrect	Ic	Rc	Ic/Rc	Abs	Percent T
nm	uA	uA	uA	uA		uA	uA	uA/uA	OD	T*100
	Abs Detector Raw	Dark Offset for Abs Detector	Ref Detector Raw	Dark Offset for Ref Detector	Linear interp	Dark subtracted Abs Detector	Corrected Ref Detector	Corrected Intensity 	-Log(T)	% Transmittance
800	0.167981900402233	0.009888877953116	0.182375971256125	0.00376824901982441	1.26322114467621	0.158093022449117	0.22562105133135	0.700701559168519	4.09973664679088E-4	99.9056446178309
799	0.17261417014767		0.187738216603656		1.25946629047394	0.162725292194554	0.231703972631419	0.702298240062582	4.83880770729825E-4	99.8886443814877
798	0.175110649935058		0.190652159119783		1.25578379631042	0.165221771981942	0.234685786094663	0.704012691741367	5.15704866910339E-4	99.8813250405993
797	0.174642298000589		0.19016631241152		1.25213968753815	0.164753420047473	0.233396412852993	0.705895253631189	4.25843397554456E-4	99.9019939913747
796	0.172478978040056		0.18781837960535		1.24854493141174	0.16259010008694	0.229794857668227	0.707544554028638	4.71335540096682E-4	99.8915298525977
795	0.171111147959767		0.186362473315391		1.24499154090881	0.161222270006651	0.227328264666787	0.709204683557355	4.09693341503421E-4	99.9057091037449
794	0.171851697425802		0.187442713942178		1.24150061607361	0.161962819472686	0.228031961358092	0.710263677548019	5.00775344388307E-4	99.8847586695882
793	0.17715820394299		0.193694856823385		1.23799812793732	0.167269325989874	0.235128784906293	0.711394506872209	5.09107449854536E-4	99.8828423607358
792	0.184369193675529		0.202161250641788		1.23457276821136	0.174480315722413	0.24493059720619	0.712366350764783	4.28186546724503E-4	99.9014549915656
791	0.191980226703283		0.210992699733697		1.23109483718872	0.182091348750167	0.255112951413117	0.713767559590878	4.92061689631904E-4	99.8867627706538
790	0.196281794717406		0.215982358450942		1.22767388820648	0.18639291676429	0.260529720857576	0.71543820854967	5.11086956767665E-4	99.8823870974649
789	0.197508874294717		0.217415760315942		1.22422575950623	0.187619996341601	0.261552786783104	0.717331283865031	5.05590842588383E-4	99.8836511440981
788	0.192250435251703		0.211482734979542		1.22079539299011	0.182361557298587	0.253576887516932	0.719156856463938	4.78018851048906E-4	99.8899926444441
787	0.18594531061259		0.204395416205981		1.21735346317291	0.176056432659474	0.244234176780639	0.720850926680915	4.73146867514966E-4	99.8911132323156
786	0.180550795787344		0.198404448097901		1.21391463279724	0.170661917834228	0.236271730132914	0.722312050359229	3.99829964962618E-4	99.9079781144243
785	0.177050375612427		0.194669704231599		1.21042191982269	0.167161497659311	0.231071305914382	0.723419539253605	4.65953599582131E-4	99.8927677536651
784	0.177362358719701		0.19525649145307		1.20695853233337	0.167473480766585	0.231118368046327	0.72462211542189	4.89313160388523E-4	99.8873949282535
783	0.178745476389955		0.197012552618538		1.20348119735718	0.168856598436839	0.232565885877434	0.7260591887747	4.34544784037749E-4	99.8999924067631
782	0.181373033561768		0.200143265878123		1.20004236698151	0.171484155608652	0.235658340046666	0.727681250638929	4.36817637528481E-4	99.8994695876581
781	0.183832147626649		0.203114723538369		1.1966587305069	0.173943269673533	0.238549699128387	0.729169939467905	5.0358266203985E-4	99.8841130078275
780	0.186396630305306		0.20619315293891		1.19330596923828	0.17650775235219	0.241554846169131	0.730715012145123	4.32314803589136E-4	99.900505366543
779	0.190088775828883		0.210567566602461		1.19010949134827	0.180199897875767	0.24611383065944	0.73218111063867	4.07349059556436E-4	99.9062483870932
778	0.194378632531712		0.215676551910721		1.18701219558716	0.184489754578596	0.251537739877672	0.733447611751292	4.52791263211806E-4	99.8957952895643
777	0.198944001928753		0.221091241906785		1.1839507818222	0.189055123975637	0.257299727336459	0.734766126387761	4.64549398185127E-4	99.8930907367944
776	0.205520956362617		0.228812746468827		1.1809515953064	0.195632078409501	0.265766658277326	0.736104670456291	4.18352702327258E-4	99.9037171121474
775	0.213228704554169		0.237828542140504		1.17803692817688	0.203339826601053	0.275731668716066	0.73745546729506	3.30522112943395E-4	99.9239234238955
774	0.222192463940654		0.248355264624992		1.17517721652985	0.212303585987538	0.287433088198223	0.738619159395897	4.44653849184782E-4	99.8976670634306
773	0.232604089951908		0.260460511692711		1.17244553565979	0.222715211998792	0.300957697409236	0.740021650604099	3.57995153934426E-4	99.9176025348889
772	0.24460358006967		0.274600603150797		1.1697244644165	0.234714702116554	0.316799230382513	0.740894167682014	4.32328305979689E-4	99.900502260596
771	0.259713358985735		0.292265475821911		1.16703009605408	0.249824481032619	0.336684946306174	0.742012625671225	4.75558811406597E-4	99.8905584679762
770	0.282556323639027		0.318872922004655		1.16448152065277	0.272667445685911	0.36693356876217	0.743097576506122	4.36748029170802E-4	99.8994855994632
769	0.319154074347282		0.361634149250782		1.16197168827057	0.309265196394166	0.415830044265833	0.743729801775598	5.20558889412509E-4	99.8802086932587
768	0.366397242798644		0.416791772321399		1.15950226783752	0.356508364845528	0.47890171193842	0.744429088387494	4.46628958286822E-4	99.8972127441817
767	0.422440019063966		0.482279827479643		1.15713560581207	0.41255114111085	0.553702785229194	0.745076875385561	2.92788336746185E-4	99.932605714198
766	0.474536104976406		0.542865674710699		1.15489220619202	0.46464722702329	0.622599415308571	0.746302061323015	4.91612465541749E-4	99.8868660912466
765	0.506458420827855		0.579429654667135		1.15279674530029	0.496569542874739	0.663620594825212	0.748273255451826	4.11144966203666E-4	99.9053751705297
764	0.503211617557137		0.575200060262649		1.1508207321167	0.493322739604021	0.657615575369239	0.750168879937232	3.84942355324444E-4	99.91140301742
763	0.478683687967645		0.546503701124384		1.14889180660248	0.468794810014529	0.623544314075621	0.751822764528771	3.81209932158566E-4	99.9122616818819
762	0.444186611689473		0.506406933096127		1.14707088470459	0.434297733736357	0.576562200030155	0.753253913825157	3.89797336029225E-4	99.9102861134694
761	0.403979968173373		0.459925571892697		1.14529764652252	0.394091090220257	0.522435908330315	0.754333850212856	3.95394547622311E-4	99.908998472407
760	0.374175364715807		0.425976376166535		1.14352190494537	0.364286486762691	0.482804241838225	0.754522133806674	3.97619810211792E-4	99.9084865543506
759	0.363704774547684		0.41431604906469		1.14178252220154	0.353815896594568	0.468756302619519	0.754797097377385	3.60969015192551E-4	99.9169183445936
758	0.365686975162322		0.416844070294822		1.14000296592712	0.355798097209206	0.47090766140628	0.755558098474507	4.67323602775935E-4	99.8924526375384
757	0.369779393053684		0.421773249657451		1.13824582099915	0.359890515100568	0.475792445132523	0.756402332114222	4.43180218040856E-4	99.898006032884
756	0.377468505876964		0.430878674120579		1.13651084899902	0.367579627923848	0.485415631847592	0.757247199734306	4.44042294089468E-4	99.8978077351933
755	0.388422225925969		0.4438617108729		1.13479709625244	0.378533347972853	0.499416782590555	0.757950796145334	5.16586513731972E-4	99.8811222750403
754	0.40163704826086		0.459312572932744		1.13314974308014	0.391748170307744	0.51619993360354	0.758907827773222	4.04702621353206E-4	99.9068571825743
753	0.416301536422479		0.476548704150493		1.13162350654602	0.406412658469363	0.535009476461391	0.759636373466539	4.05622506724122E-4	99.9066455686513
752	0.430716602893199		0.493334434063889		1.13012480735779	0.420827724940083	0.553270890561811	0.760617867520122	3.13863985652852E-4	99.9277562549095
751	0.441522590398849		0.506030848197727		1.12870526313782	0.431633712445733	0.566906439169379	0.761384388362487	4.56868103579619E-4	99.8948575449779
750	0.453075788594872		0.519478280089795		1.12733149528503	0.443186910641756	0.581376160459601	0.762306645479579	4.20804803343788E-4	99.9031530402448
749	0.463800150734637		0.532053435679195		1.12599456310272	0.453911272781521	0.594846247946158	0.763073272040889	4.13769874131983E-4	99.9047713368874
748	0.478624375528918		0.549339215944597		1.12473857402802	0.468735497575802	0.613624711370054	0.763879760528622	3.96310085264631E-4	99.9087878541368
747	0.501144262218718		0.575744251239479		1.12356340885162	0.491255384265602	0.642651306835239	0.764419801283542	3.98341417090912E-4	99.9083205504194
746	0.525935810276394		0.604957637658392		1.1224285364151	0.516046932323278	0.674792125597876	0.764749487653034	5.09309842398813E-4	99.8827958127396
745	0.555765201636694		0.639857294196186		1.12132000923157	0.545876323683578	0.713259374009257	0.765326532780336	3.90930704663973E-4	99.9100253801616
744	0.585782260842923		0.6751325351441		1.12025701999664	0.575893382889807	0.752100554505755	0.765713280544325	3.78092989807062E-4	99.9129787572545
743	0.615849892253541		0.710240851043853		1.11920189857483	0.605961014300425	0.790685477476393	0.766374281002925	4.28950836420258E-4	99.9012791809379
742	0.643096626763809		0.741895127955944		1.11819970607758	0.633207748810693	0.825373259074327	0.767177445899869	3.84686733486828E-4	99.9114618243932
741	0.669295489879338		0.772261502041148		1.1171909570694	0.659406611926222	0.858553712844267	0.768043515578893	3.9493715819076E-4	99.9091036944302
740	0.69671422298511		0.803886868125717		1.11617469787598	0.686825345031994	0.893072157945463	0.76905918398806	3.90435612119896E-4	99.9101392769273
739	0.730220956554837		0.842597362966155		1.11507248878479	0.720332078601721	0.935355267753275	0.770116022687251	3.73537138667074E-4	99.9140268733707
738	0.770392146274692		0.889139502977936		1.11387884616852	0.760503268321576	0.986196310789635	0.771147955027991	2.71425313452922E-4	99.9375215378628
737	0.813360439865206		0.939352965606882		1.11252617835999	0.80347156191209	1.04086248927661	0.771928636289407	4.60403664504384E-4	99.8940443112574
736	0.871831129023659		1.00747090051536		1.11103796958923	0.861942251070543	1.11515175598893	0.772937177780043	4.04078261829098E-4	99.9070008128649
735	0.935903229597718		1.08232573725239		1.10932576656342	0.926014351644602	1.1964716124163	0.773954301995093	4.44993956216692E-4	99.8975888310625
734	1.00521817683051		1.16286556084414		1.1074481010437	0.995329298877398	1.2836401169047	0.77539591180547	4.58223511323801E-4	99.8945457794412
733	1.05631462743201		1.22178096435629		1.1053968667984	1.04642574947889	1.34638743925354	0.777209976096516	2.95632774047986E-4	99.9319512018513
732	1.089223315655		1.25998722183302		1.10324323177338	1.07933443770189	1.38591507938146	0.778788292125086	4.48445343758095E-4	99.89679493674
731	1.10627680527192		1.27958157295101		1.10097706317902	1.0963879273188	1.40464120654641	0.780546606641626	3.61774812812152E-4	99.9167329571581
730	1.11594252483779		1.29096987246605		1.09864163398743	1.10605364688467	1.41417329485423	0.782120303720402	3.88266932942312E-4	99.9106381862819
729	1.12071631479674		1.29662647034384		1.09623396396637	1.11082743684363	1.41727509280853	0.783776870474991	2.89520627375516E-4	99.9333576278286
728	1.12228936471721		1.29910904174505		1.09382593631744	1.1124004867641	1.41687735545285	0.785107110705824	3.15916837204611E-4	99.9272839109742
727	1.12696595924198		1.30518710873737		1.09146678447723	1.11707708128887	1.42045545807393	0.786421759963926	3.11462720614345E-4	99.9283087687011
726	1.13515089878447		1.31558462761672		1.08920443058014	1.12526202083136	1.42883621167533	0.787537445955385	3.23393532381431E-4	99.9255636049568
725	1.14076238405258		1.32329324117234		1.08703660964966	1.13087350609946	1.43437197381746	0.788410207911226	3.63973124483E-4	99.9162271999509
724	1.14986592405526		1.33459229813403		1.08495438098907	1.13997704610215	1.44388338241208	0.78952155000064	2.97153243977073E-4	99.9316013395641
723	1.16106777337574		1.3486171454901		1.08299386501312	1.15117889542262	1.45646310424697	0.790393448392782	3.16024467480166E-4	99.9272591462116
722	1.18313375686911		1.37583357604541		1.08117377758026	1.17324487891599	1.48344105270715	0.79089416918517	3.68994047393982E-4	99.9150720649093
721	1.20182948128171		1.39889883626819		1.07950687408447	1.19194060332859	1.50605305918011	0.791433340321675	3.64956088770876E-4	99.9160010539231
720	1.22048262756948		1.42191874737005		1.07795476913452	1.21059374961637	1.52870209304713	0.791909525814358	3.55179501493297E-4	99.9182503307169
719	1.23132901271901		1.43569021337948		1.07653081417084	1.2214401347659	1.5415081181212	0.792366981663772	3.17937897971593E-4	99.9268188840131
718	1.23473732721955		1.44086578861514		1.07519900798798	1.22484844926644	1.54516584895485	0.792697075265368	3.51316046736147E-4	99.9191392007641
717	1.22873027005362		1.43493508337761		1.07402753829956	1.2188413921005	1.53711259200127	0.79294216861083	3.32525848997614E-4	99.9234623986822
716	1.20105250527163		1.40342951557137		1.07296395301819	1.19116362731852	1.50178608544559	0.793164644993423	3.31136885011475E-4	99.923781975187
715	1.16639751273433		1.36364104527137		1.07196414470673	1.15650863478121	1.45773487894374	0.793360062578187	3.86404257523145E-4	99.9110667007961
714	1.107513435516		1.29524209992701		1.07102370262146	1.09762455756288	1.38319910563741	0.793540534467796	3.66953366167819E-4	99.9155415511665
713	1.03955442852437		1.21580748110379		1.07008218765259	1.02966555057125	1.29698159298917	0.793893726894126	3.42297044793024E-4	99.9212142450152
712	0.961441010257392		1.12460183724215		1.06905663013458	0.951552132304276	1.19823457876661	0.794128419565176	3.24699451536681E-4	99.9252631302402
711	0.887503798943944		1.03799121594517		1.06793642044067	0.877614920990828	1.10448437323578	0.794592429062351	2.59960789997088E-4	99.9401597274559
710	0.811955560110078		0.949978458423312		1.06664419174194	0.802066682156962	1.00926962402716	0.794700110914444	3.2341190168452E-4	99.925559378417
709	0.729611740248678		0.854087626286941		1.06514143943787	0.719722862295562	0.905710405484207	0.794650097798961	3.16964793533664E-4	99.9270427858675
708	0.649653714445127		0.761363807687721		1.06344926357269	0.639764836492011	0.805664438951317	0.794083498738945	2.36949698929282E-4	99.945455196635
707	0.584313599349768		0.686003624273025		1.06151580810547	0.574424721396652	0.724203635680039	0.793181217403387	2.62975576549953E-4	99.9394659650058
706	0.531257586073		0.625214299564755		1.0593421459198	0.521368708119884	0.658323992757651	0.791963704582488	3.04368338721213E-4	99.9299411527267
705	0.490848525565522		0.579075421880465		1.05691242218018	0.480959647612406	0.608049297565768	0.790987917489344	3.22169177621308E-4	99.9258453136062
704	0.457848763734491		0.541701325350117		1.05424511432648	0.447959885781375	0.567113317555823	0.789894844494251	2.55399507285375E-4	99.9412093786388
703	0.42705021039076		0.507043252063311		1.0513402223587	0.417161332437644	0.529113253607316	0.788415957441206	2.72391223644483E-4	99.9372992680269
702	0.399938310169503		0.476896633531427		1.04815697669983	0.390049432216387	0.495912817100555	0.786528233928057	2.50266127170716E-4	99.9423906951655
701	0.379344984446126		0.454427424331659		1.04489290714264	0.36945610649301	0.470890575822087	0.784590147823641	2.54885158624953E-4	99.9413277422371
700	0.362803611831558		0.43645123574382		1.04165291786194	0.352914733878442	0.450705495630268	0.783027358885263	2.67768367784344E-4	99.9383630581686
699	0.34338984542964		0.415485236987264		1.03863656520844	0.333500967476524	0.427624318220464	0.779892427222966	3.8242942270895E-4	99.9119811305671
698	0.338783163624317		0.411260458256587		1.03591132164001	0.328894285671201	0.422125793028464	0.779138093674895	3.83757499763117E-4	99.9116755991541
697	0.337811802849389		0.411286503483533		1.0335921049118	0.327922924896273	0.421207650421129	0.77853031531695	3.80561398644094E-4	99.9124108813336
696	0.342589378513893		0.418226202247308		1.03182005882263	0.332700500560777	0.427646029678689	0.7779810344802	1.91110652501686E-4	99.9560048267595
695	0.352819781610221		0.43181373576235		1.03069472312927	0.342930903657105	0.441184224444823	0.777296386988095	3.74222085162645E-4	99.9138692943283
694	0.36627892157109		0.449155448644717		1.03009569644928	0.356390043617974	0.458791437587198	0.776801863374441	4.46447961122041E-4	99.8972543774899
693	0.384515827931324		0.472150843450292		1.02995276451111	0.374626949978208	0.482411947982546	0.776570629199595	3.35717452195093E-4	99.922728070056
692	0.398433209162334		0.489777340267067		1.03007698059082	0.388544331209218	0.500626777251649	0.776115759013645	4.16514305449598E-4	99.9041400119953
691	0.416754681257094		0.512699868251645		1.03042733669281	0.406865803303978	0.524417052963805	0.775843960459577	2.81120716138826E-4	99.9352905085964
690	0.432763249003185		0.532841588752218		1.03089714050293	0.422874371050069	0.545420193046459	0.775318509364483	4.05889474888687E-4	99.9065841543651
689	0.444197984064916		0.547146099193107		1.03128290176392	0.4343091061118	0.560376286080941	0.775031201175898	3.70350752365347E-4	99.9147599378414
688	0.453600471209963		0.558889174707707		1.03155958652496	0.443711593256847	0.572640312573947	0.774852177735127	2.61563228930058E-4	99.939790973732
687	0.460762427968455		0.568073267383412		1.03166389465332	0.450873550015339	0.582173113017392	0.774466460119516	3.80254353811852E-4	99.9124815191187
686	0.466538930936095		0.575490628803969		1.03159546852112	0.456650052982979	0.589786216237433	0.77426369150537	3.47623669638101E-4	99.9199887181422
685	0.469882111769905		0.579895929689686		1.0313640832901	0.459993233816789	0.594197397232123	0.774142121725067	2.79732647779447E-4	99.9356099168372
684	0.471935914251932		0.582679224356299		1.03098654747009	0.462047036298816	0.596849427754696	0.774143384935467	3.5213998430472E-4	99.9189496357156
683	0.470282055310787		0.580916191831605		1.03047323226929	0.460393177357671	0.594735506126826	0.774114161025882	4.25530169153884E-4	99.9020660442199
682	0.468650399433518		0.579025637029589		1.02990901470184	0.458761521480402	0.592462769685093	0.774329704673668	3.37819876345881E-4	99.9222443442502
681	0.463632500893998		0.573045803069109		1.02931475639343	0.453743622940882	0.585965786866488	0.774351733686232	3.15890511950318E-4	99.9272899681804
680	0.461254736010921		0.570426299295396		1.02871644496918	0.451365858057805	0.582930454992651	0.77430481490883	3.28077236707304E-4	99.9244859507606
679	0.461478315416766		0.571199498755197		1.02808725833893	0.45158943746365	0.583368837836271	0.774106205498747	4.05894338664904E-4	99.9065830354855
678	0.462768388043447		0.573252463529709		1.02740895748138	0.452879510090331	0.585093183131705	0.774029715516934	3.76627288119483E-4	99.9133159544209
677	0.46768640560192		0.579760008974897		1.02669847011566	0.457797527648804	0.591369858745101	0.774130640713175	3.56825459719364E-4	99.9178716453749
676	0.471747271369385		0.585310579631429		1.0259222984314	0.46185839341627	0.596617244456209	0.774128467971511	3.46681919222881E-4	99.9202053909226
675	0.477455752181536		0.59281875220885		1.0251362323761	0.46756687422842	0.603857013518443	0.774300643630995	3.74328998535742E-4	99.9138446978208
674	0.481866567593599		0.598758621875057		1.02431344985962	0.471977689640483	0.609456641452604	0.774423736716614	3.08330058526399E-4	99.9290295762785
673	0.486898478279059		0.605431066001227		1.02344214916229	0.477009600325943	0.615767086482486	0.774659137841903	3.57760895267085E-4	99.9176564305098
672	0.489878754756408		0.60956475739096		1.02255475521088	0.479989876803292	0.61946010032505	0.774851966335567	3.23083208599241E-4	99.9256350064856
671	0.493960172586779		0.61507054655353		1.02164971828461	0.484071294633663	0.624536820062043	0.775088480108466	3.07801436993147E-4	99.9291512095739
670	0.497576821437074		0.619971370508556		1.02074801921844	0.487687943483958	0.628988115695846	0.775353192396063	2.92972336776154E-4	99.9325633751877
669	0.501197390270263		0.624985539800044		1.0197958946228	0.491308512317147	0.633514842806368	0.775528021002208	3.29654588589546E-4	99.9241230269927
668	0.503819060792014		0.628564011160257		1.01878011226654	0.493930182838898	0.636529496697089	0.775973753615301	3.08558977423179E-4	99.9289769031774
667	0.506179078177604		0.631997472145073		1.01773703098297	0.496290200224488	0.639372144320229	0.776214923707907	3.14467227669722E-4	99.9276174537461
666	0.508704110210971		0.635316226709449		1.01666116714478	0.498815232257855	0.642070304105856	0.776885691594946	3.1577811265386E-4	99.9273158302602
665	0.509833979286046		0.637187413530585		1.01556634902954	0.49994510133293	0.643279188307535	0.777182148000596	3.74157264085886E-4	99.9138842070784
664	0.511791289764065		0.639911275214037		1.01445806026459	0.501902411810949	0.645340420403825	0.777732799530643	2.58209125716685E-4	99.9405628225177
663	0.512374946072768		0.640979369081839		1.01329731941223	0.502486068119652	0.645684319858505	0.778222503885128	3.27062846634529E-4	99.9247193465996
662	0.514799003069918		0.644481978320773		1.01216089725494	0.504910125116802	0.648505383132809	0.778575071617254	3.12879125086919E-4	99.9279828638633
661	0.518224985722244		0.64917998397827		1.01106476783752	0.508336107769128	0.652553065965375	0.778995815485297	3.93185635509382E-4	99.9095066316568
660	0.520294085140246		0.652120441119841		1.00999879837036	0.51040520718713	0.654834934941807	0.779441016280672	2.74699458090859E-4	99.9367681120642
659	0.524984063148849		0.658422078362727		1.00900542736053	0.515095185195733	0.660549266849346	0.779798284619416	2.96144392434235E-4	99.9318334775982
658	0.529210619528445		0.664059863679556		1.00805485248566	0.519321741575329	0.665610166213331	0.780219065056894	2.894298932285E-4	99.9333785062171
657	0.535626963191772		0.672613385373893		1.00716114044189	0.525738085238656	0.673634830309378	0.780449676269265	3.23310336551428E-4	99.925582747247
656	0.542139331940164		0.681199064966051		1.00634658336639	0.532250453987048	0.681730187094594	0.780734759972122	3.60467879986946E-4	99.9170336394371
655	0.547930112556673		0.688869673455909		1.00559914112091	0.538041234603557	0.688937403993639	0.780972598504065	2.38095997417534E-4	99.9451913959703
654	0.560619796038682		0.705499858325981		1.00487756729126	0.550730918085566	0.705154352450951	0.781007613682529	1.94610671209821E-4	99.9551992754764
653	0.571438903051116		0.719822574028028		1.00422203540802	0.561550025098	0.719077531722454	0.780931124009509	3.47965369509914E-4	99.9199101018223
652	0.58456580424378		0.73698095256054		1.00357329845428	0.574676926290664	0.73583269136094	0.780988576666505	2.4537302650898E-4	99.9435167305017
651	0.591855985183888		0.746691084357678		1.00296664237976	0.581967107230772	0.745126821706059	0.781030947051788	3.05225193901646E-4	99.9297439929496
650	0.599776529585833		0.757142208888671		1.00240564346313	0.589887651632717	0.755186309010702	0.781115394432234	3.7517018272113E-4	99.9136511750657
649	0.603879842252543		0.762670402531133		1.001877784729	0.593990964299427	0.76032720838598	0.781230709289423	3.35083624395688E-4	99.9228739016328
648	0.608283164073327		0.768653285197656		1.00140357017517	0.598394286120211	0.765958606002045	0.781235802341273	3.76918594857431E-4	99.9132489367322
647	0.60893776917325		0.76966962888256		1.00099229812622	0.599048891220134	0.766661382366843	0.781373504650444	3.19781487914071E-4	99.9263946932971
646	0.608926936958938		0.77008607175199		1.00062572956085	0.599038059005822	0.766797330446856	0.781220845743853	3.58441517884658E-4	99.9174998405313
645	0.610337108462092		0.772188845791439		1.00029969215393	0.600448230508976	0.768650886395385	0.781171584052675	3.02370575202704E-4	99.9304008335616
644	0.611148926390977		0.773658184774825		1.00000286102295	0.601260048437861	0.769892138427775	0.780966603537108	3.19869182281534E-4	99.9263745157874
643	0.615038735030219		0.778976504455723		0.9997199177742	0.605149857077103	0.774991133382258	0.78084745877811	3.0372515988688E-4	99.9300891464806
642	0.620678259848994		0.786873831084323		0.999445915222168	0.610789381895878	0.782671675182041	0.780390298082289	4.40114005673575E-4	99.8987113367633
641	0.626952554867868		0.795207398861082		0.999167442321777	0.617063676914752	0.790780231100211	0.780322588560708	3.63638922663501E-4	99.9163040883277
640	0.633728969330537		0.804313853292468		0.998895227909088	0.623840091377421	0.799661183831541	0.780130515261875	3.85333218360107E-4	99.9113130976574
639	0.642797488886586		0.816504450777937		0.998560547828674	0.63290861093347	0.811566306867776	0.779860629473601	4.02411812483668E-4	99.9073841708915
638	0.651643674153973		0.828158672838302		0.998183071613312	0.641754796200857	0.822892565455728	0.779876770238464	2.44108178083504E-4	99.9438078085354
637	0.659568994556875		0.838942977604781		0.997746467590332	0.649680116603759	0.833292635266354	0.779654216427936	4.56268915785306E-4	99.8949953680983
636	0.669587721628659		0.85208617365822		0.997253656387329	0.659698843675543	0.845988152124551	0.779796787955984	3.64645883083566E-4	99.9160724214494
635	0.677995494422211		0.863411983854663		0.996708512306213	0.668106616469095	0.856814228060589	0.779756678389158	3.64718304880764E-4	99.9160557597112
634	0.687420700378202		0.875954633645854		0.996089160442352	0.677531822425086	0.868775403611392	0.779869940618335	3.20312053012017E-4	99.9262726161646
633	0.698552717850811		0.89077417551779		0.995416641235352	0.688663839897695	0.882940460110456	0.779966340891823	3.40667739774783E-4	99.9215891114894
632	0.70620336021526		0.901108422302669		0.994728446006775	0.696314482262144	0.892609796109094	0.780088326721704	3.67983151550657E-4	99.9153046348654
631	0.716169531440086		0.914385233467879		0.994035542011261	0.70628065348697	0.905185647700482	0.780260552386345	3.77574972144891E-4	99.913097931503
630	0.722195706342764		0.922629624304077		0.993336021900177	0.712306828389648	0.912738103202585	0.780406587486958	3.82739039230171E-4	99.9119099015041
629	0.729685255568208		0.932555642025645		0.992607176303864	0.719796377615092	0.921921031558134	0.780757085450766	2.77646514535374E-4	99.9360899586234
628	0.740611297699843		0.947274875670443		0.991834938526154	0.730722419746727	0.935802837043035	0.780850827569273	3.43529299891262E-4	99.92093073174
627	0.749587939509677		0.959442937450435		0.991048812866211	0.739699061556561	0.947120265455442	0.780998030066289	4.20899955870794E-4	99.903131151787
626	0.762178971869034		0.97613090277682		0.99024510383606	0.752290093915918	0.962877357035902	0.781293784113637	2.6293677947301E-4	99.9394748929555
625	0.771732449308887		0.989170845656843		0.989454746246338	0.761843571355771	0.975011276205964	0.781368985105807	3.26576845839555E-4	99.9248311682373
624	0.779439517149185		0.999381181919756		0.988670885562897	0.769550639196069	0.984333520048048	0.781798672424064	2.73912870118199E-4	99.9369491162774
623	0.785054725561807		1.00711616418865		0.987914323806763	0.775165847608691	0.991221777156938	0.782030687251497	3.01577459523402E-4	99.9305833282591
622	0.793132050968984		1.01798707326387		0.987213253974915	0.783243173015868	1.00125026572457	0.782265133731635	3.12669884303476E-4	99.9280310086483
621	0.799333375407096		1.02654505205047		0.986586511135101	0.78944449745398	1.00905779777192	0.782358056393932	3.20196628072875E-4	99.9262991741476
620	0.805368734574874		1.03474314772084		0.986040651798248	0.795479856621758	1.01658316110278	0.782503475425294	2.86889016424741E-4	99.9339631766579
619	0.808858323489153		1.03974066204413		0.985671520233154	0.798969445536037	1.02112850326528	0.78243770787042	2.7007229658566E-4	99.937832887347
618	0.814606496989134		1.04770484353086		0.985484898090363	0.804717619036018	1.02878374845451	0.782202887871142	3.24453736449891E-4	99.9253196659611
617	0.81546953409506		1.04923190040953		0.9854616522789	0.805580656141944	1.03026433729603	0.78191647228732	3.22007580078649E-4	99.92588249523
616	0.819801614155875		1.05518616063964		0.985575616359711	0.809912736202759	1.03625185629634	0.781579044979916	2.91797554342215E-4	99.9328336967867
615	0.821687540967187		1.05813299137738		0.985840737819672	0.811798663014071	1.03943571553682	0.780999393112845	3.34979729739178E-4	99.9228978058138
614	0.824942347472736		1.06274093661043		0.986221313476563	0.81505346951962	1.04438143489141	0.780417424410042	3.33257409551756E-4	99.9232940797074
613	0.827355164845907		1.06634987977228		0.986693203449249	0.817466286892791	1.04844207317347	0.779696187142176	2.7608246162184E-4	99.9364498656004
612	0.831750834384007		1.07263514128281		0.987153947353363	0.821861956430891	1.05513617189273	0.778915535571695	3.33753677640243E-4	99.9231798974742
611	0.832877837858508		1.07451878843104		0.98754894733429	0.822988959905392	1.05741856805317	0.77830008358999	3.56099992621357E-4	99.9180385532955
610	0.83876158112113		1.08243519464941		0.98789769411087	0.828872703168014	1.06561258830109	0.777836816370097	2.93200022080437E-4	99.9325109840773
609	0.840578567197855		1.08532124963056		0.98806357383728	0.830689689244739	1.06864312307787	0.777331244926942	3.49612983852952E-4	99.9195310291617
608	0.844492408429774		1.09092871268188		0.988040208816528	0.834603530476658	1.07415825153373	0.776983772442258	3.68735551514022E-4	99.9151315352532
607	0.852042933301947		1.10126727007465		0.98785537481308	0.842154055348831	1.0841703068011	0.776772846540731	2.89725181558752E-4	99.9333105588872
606	0.856943856439103		1.10816125045482		0.987536489963531	0.847054978485987	1.0906283881774	0.776666908424726	2.83900752455825E-4	99.9346507978487
605	0.865530994771489		1.11980797129451		0.987073302268982	0.855642116818373	1.10161301412903	0.776717509546552	2.91092523064903E-4	99.9329959273319
604	0.871985013910739		1.12888695380218		0.986512660980225	0.862096135957623	1.10994384737346	0.776702477334921	3.69825111853387E-4	99.9148808679465
603	0.879702465356953		1.1393159759773		0.98584908246994	0.869813587403837	1.11947868472186	0.776980928064699	3.48352488637778E-4	99.9198210357788
602	0.887745019035754		1.15014569089985		0.985228002071381	0.877856141082638	1.12944315668316	0.777246854689565	3.14200158232374E-4	99.9276789042639
601	0.897885076368283		1.16389337303486		0.984650254249573	0.887996198415167	1.14231749832272	0.777363736193329	3.11309801747568E-4	99.9283439543345
600	0.907994706149664		1.17764518114641		0.984116673469543	0.898105828196548	1.15523186150705	0.777424738809514	4.09481042044179E-4	99.9057579414209
599	0.918422994377038		1.19149919720434		0.983676254749298	0.908534116423922	1.16834273075997	0.777626369817825	3.23810194872712E-4	99.925467736333
598	0.930370179082717		1.2076103558924		0.983342826366425	0.920481301129601	1.18378949987099	0.777571773723213	2.92866132856158E-4	99.9325878130558
597	0.939671489775531		1.2202292416452		0.983100771903992	0.929782611822415	1.1959037408411	0.777472784865177	3.28710227015967E-4	99.9243403095247
596	0.952549054726517		1.23746023217694		0.982921838760376	0.942660176773401	1.21262279254872	0.777372965909781	3.40985754041209E-4	99.921515943442
595	0.963208556331873		1.25184796252716		0.982812881469727	0.953319678378757	1.22662881953605	0.777186760326835	3.29738920923559E-4	99.9241036234911
594	0.977459427551785		1.27085649211429		0.982775807380676	0.967570549598669	1.24526367112973	0.777000543765057	3.461362255161E-4	99.9203309413585
593	0.989270345168164		1.28692189579766		0.982796370983124	0.979381467215048	1.26107874746701	0.776621974783273	3.29909079043717E-4	99.9240644728801
592	1.0028543066007		1.30530146267978		0.982810854911804	0.992965428647586	1.27916097041325	0.776263075261588	3.64367873329085E-4	99.916136381856
591	1.01377520499456		1.31979068533917		0.982813537120819	1.00388632704145	1.29340466556937	0.776157960277284	2.98007100156424E-4	99.9314048665832
590	1.02432512102907		1.33424566117252		0.982779562473297	1.01443624307595	1.30756600899603	0.775820292128005	3.67683925243166E-4	99.915373475938
589	1.03651712995252		1.35060950082882		0.982710957527161	1.0266282519994	1.32355565620229	0.775659298638887	3.2207788664022E-4	99.9258663185459
588	1.04700503732028		1.36487300174839		0.982594430446625	1.03711615936716	1.33741394928551	0.775463841932576	3.32947578216487E-4	99.9233653663112
587	1.05737674595804		1.37887497770562		0.982425510883331	1.04748786800492	1.35093993044825	0.775377087016266	2.79733457620011E-4	99.9356097304846
586	1.06602446931215		1.39075360162056		0.982219994068146	1.05613559135904	1.3623247448041	0.775245106122557	2.65012200538339E-4	99.9389972999754
585	1.07674784573415		1.40534089251686		0.981987595558167	1.06685896778103	1.37632695018776	0.775149369585107	3.18748570476965E-4	99.9266323565476
584	1.0842401354381		1.41554962660693		0.981722772121429	1.07435125748498	1.38597792763422	0.775157551981245	3.47770056260131E-4	99.9199550383517
583	1.09164822409258		1.42554802134237		0.981434881687164	1.08175934613946	1.39538426263458	0.77524118273846	3.02267275574447E-4	99.9304246026282
582	1.09838489703929		1.43507195318908		0.981141924858093	1.08849601908618	1.40431207136514	0.77510977885994	3.38421354447077E-4	99.9221059565832
581	1.10797346511621		1.44795954163856		0.980872988700867	1.0980845871631	1.4165682294467	0.775172395043759	2.69760390536854E-4	99.9379046617468
580	1.11175437635599		1.45351637907973		0.980610847473145	1.10186549840287	1.42163874244065	0.775067157012902	3.26058655302454E-4	99.9249503963993
579	1.12527820290107		1.47176764548629		0.980334997177124	1.11538932494796	1.43913118419098	0.775043538212942	3.60645735472202E-4	99.9169927206835
578	1.13061698004038		1.47938983936453		0.980064511299133	1.12072810208727	1.44620435280363	0.774944495163914	3.59133365886223E-4	99.9173406681946
577	1.13934830782532		1.49124152083573		0.979791462421417	1.1294594298722	1.45741361230527	0.774975216600093	2.6380791127926E-4	99.9392744290501
576	1.1456786911008		1.50002938090803		0.979541301727295	1.13578981314769	1.46564957685373	0.774939542906194	3.35930505240056E-4	99.922679050699
575	1.15559096217936		1.51347479863995		0.979297995567322	1.14570208422625	1.47845259793785	0.774933255096764	2.52922484647722E-4	99.9417794004889
574	1.1635742781875		1.52463690797035		0.979087650775909	1.15368540023438	1.48906372243058	0.77477235047486	3.73289005389204E-4	99.9140839590651
573	1.17428410480486		1.53929201960613		0.978899002075195	1.16439522685175	1.50312268668967	0.774650823357668	3.38826355775448E-4	99.9220127742646
572	1.18416263564918		1.55269214925229		0.978744149208069	1.17427375769606	1.51600020492107	0.774586806706402	3.09627810358624E-4	99.928730970395
571	1.18982108594395		1.56071096025541		0.978596448898315	1.17993220799084	1.52361860835326	0.774427538179072	3.36965400130353E-4	99.9224409418787
570	1.20093733345813		1.57564650249309		0.978484988212585	1.19104845550501	1.53805927432141	0.774383975565898	2.53092828859271E-4	99.9417402001283
569	1.20828269628278		1.58604539771521		0.978414237499237	1.19839381832966	1.54812248995326	0.77409496090057	2.80554534986645E-4	99.935420792349
568	1.22060493744448		1.60280514954033		0.978417158126831	1.21071605949136	1.56452513994721	0.773855292304358	3.42736866232953E-4	99.9211130522258
567	1.2253131451283		1.60919744077455		0.978434324264526	1.21542426717519	1.57080702638908	0.773757849790857	2.71371886324985E-4	99.9375338322282
566	1.23374534876893		1.62093834801524		0.978512525558472	1.22385647081581	1.58242119782565	0.773407530496604	3.02218379774756E-4	99.9304358534695
565	1.24654099080764		1.63835348313852		0.978631198406219	1.23665211285453	1.59965610656269	0.773073729897996	3.11269203749281E-4	99.928353295671
564	1.25414615435147		1.6488801585115		0.978813290596008	1.24425727639836	1.61025740152823	0.772707068582628	3.57438077543721E-4	99.9177307008579
563	1.27065080669031		1.67118412723341		0.979029059410095	1.26076192873719	1.63244859889291	0.772313400613175	3.24145638171268E-4	99.9253905552567
562	1.27783418221092		1.68107281432769		0.979272127151489	1.26794530425781	1.64253760954993	0.771942935666009	2.84455680889547E-4	99.9345231044376
561	1.28853524417988		1.69565609368836		0.979509949684143	1.27864636622676	1.65722097760249	0.771560572493228	3.62375274239261E-4	99.9165948110266
560	1.30170400175666		1.71328138963844		0.979763388633728	1.29181512380354	1.67491838756638	0.771270488994104	2.39286183710872E-4	99.9449174960271
559	1.3132854668593		1.72924341350044		0.980009019374847	1.30339658890619	1.6909812238983	0.770793058187484	2.81565744798441E-4	99.935188103322
558	1.32998715594052		1.7517796759226		0.98027241230011	1.3200982779874	1.71352737817814	0.770398124242963	2.94966469452039E-4	99.9321045198699
557	1.34409562603795		1.77093901422495		0.980539977550507	1.33420674808483	1.73278158244214	0.769979760636903	3.36151792256632E-4	99.922628136891
556	1.35615296546731		1.78727798052929		0.98082560300827	1.34626408751419	1.74931200787889	0.769596322125859	3.04095843064205E-4	99.9300038532322
555	1.36969976564511		1.80564749186946		0.981100916862488	1.359810887692	1.76782537723526	0.769199777988611	2.39283968653345E-4	99.944918005782
554	1.3843297826765		1.82544830966143		0.98138552904129	1.37444090472338	1.78777045005674	0.768801668401983	3.74888419771045E-4	99.9137159973819
553	1.3972440617997		1.84282801998017		0.981669664382935	1.38735518384658	1.8053491881388	0.768469165390025	3.06291229771266E-4	99.9294987018735
552	1.41027045334921		1.86037051716349		0.981943130493164	1.4003815753961	1.8230778432617	0.768141404697589	3.15750933306942E-4	99.9273220839876
551	1.42618311960643		1.88200324107608		0.982206225395203	1.41629424165331	1.84481410195276	0.767716508755081	3.40766278534854E-4	99.9215664398949
550	1.4429048938316		1.9044093353469		0.982443392276764	1.43301601587849	1.86727227635176	0.767438168512995	3.03787722608308E-4	99.9300747509538
549	1.45631763639276		1.92257487940273		0.982618629932404	1.44642875843964	1.88545514225206	0.767150979106279	2.98646065825783E-4	99.931257840331
548	1.47233675711732		1.94396795640465		0.982732713222504	1.4624478791642	1.9066977226318	0.767005625383346	2.49846301896803E-4	99.942487307864
547	1.48307970903973		1.95872283458056		0.982794582843781	1.47319083108661	1.9213187763947	0.766760232183341	3.18135262526079E-4	99.9267734724124
546	1.4984174866884		1.97918972903002		0.982793211936951	1.48852860873528	1.94143082126847	0.766717305828454	2.31250440364939E-4	99.9467667922292
545	1.51632696385072		2.00342197990976		0.982752025127411	1.50643808589761	1.96516375358567	0.766571275879142	3.65487432037441E-4	99.915878810459
544	1.53121929777559		2.02338895981044		0.982672691345215	1.52133041982248	1.98462611936915	0.766557693146786	3.17735517714663E-4	99.926865449698
543	1.54670507194467		2.0443397211403		0.982572853565216	1.53681619399156	2.00501013426519	0.766487993116691	2.78536836532396E-4	99.9358850856358
542	1.55897463824086		2.06071632629948		0.98248028755188	1.54908576028774	2.020910938445	0.766528465366067	2.49928757826629E-4	99.9424683326058
541	1.57100641004337		2.07703750543348		0.982422113418579	1.56111753209025	2.03682556457167	0.766446356155465	3.226587542438E-4	99.9257326680804
540	1.58459795204228		2.0953287880142		0.982404112815857	1.57470907408917	2.05475767571142	0.766372157993741	5.54578235721285E-4	99.8723851392587
539	1.60063511475896		2.11567331460527		0.982460975646973	1.59074623680585	2.07486431120886	0.766674826981358	3.1874330809094E-4	99.9266335673677
538	1.61310780452846		2.13220271364811		0.982597053050995	1.60321892657534	2.09139343255592	0.766579306226484	2.57647528818158E-4	99.9406920582063
537	1.6323435466391		2.15810310416961		0.982804477214813	1.62245466868598	2.11728994106114	0.766288375163604	3.00454448175131E-4	99.9308417320125
536	1.64588214674369		2.17616557968338		0.983075141906738	1.63599326879058	2.13562981411989	0.766047213788678	3.23477815542043E-4	99.9255442124896
535	1.66321682227257		2.19924350927866		0.983403861522675	1.65332794431945	2.15903884881604	0.765770354352862	3.2261018448128E-4	99.9257438433764
534	1.67803415619774		2.21908628263688		0.98377537727356	1.66814527824462	2.17937533430253	0.7654235835327	3.00420566426785E-4	99.9308495281783
533	1.69321605463561		2.23911858236152		0.984184384346008	1.68332717668249	2.19999689161754	0.765149797754866	2.59099835277128E-4	99.9403578511741
532	1.70943886646044		2.26062467358418		0.984593272209167	1.69954998850732	2.2220856519681	0.764844499581746	2.64796117931632E-4	99.9390470244949
531	1.7290860908082		2.28695061342039		0.984989404678345	1.71919721285508	2.24891043788301	0.764457838736092	2.74689617127327E-4	99.936770376597
530	1.7531059057757		2.31868257130141		0.985359311103821	1.74321702782258	2.28102238186775	0.764226182820353	2.57069404220935E-4	99.9408250974532
529	1.77149071862948		2.34338811319488		0.985676109790802	1.76160184067636	2.30610740610935	0.763885427022835	2.98533083614168E-4	99.9312838375666
528	1.79335271652796		2.37197832304157		0.98594456911087	1.78346383857485	2.3349238609954	0.763820982931128	2.66330026763177E-4	99.9386940448405
527	1.80967514383091		2.39404824482839		0.986159026622772	1.79978626587779	2.35719619402246	0.76352841161114	3.23504686364256E-4	99.9255380298611
526	1.82853204835761		2.418609084574		0.98632550239563	1.81864317040449	2.38181910033345	0.763552181670676	2.61515570151738E-4	99.9398019409647
525	1.84880064263697		2.44551252684931		0.986455500125885	1.83891176468386	2.4086720727658	0.763454596196771	2.79851645539194E-4	99.9355825342372
524	1.87111268478414		2.47500831530567		0.986546039581299	1.86122380683103	2.43799210024892	0.763424871902166	3.15796839573917E-4	99.9273115213618
523	1.89909416355417		2.51177567355719		0.986623227596283	1.88920528560106	2.4744583800325	0.763482344599486	2.81936549285494E-4	99.935102777807
522	1.91850935665286		2.5374292745289		0.986712396144867	1.90862047869975	2.49999474149892	0.763449797320531	2.49151439643704E-4	99.9426472139193
521	1.93812555072731		2.56334185987458		0.986819267272949	1.9282366727742	2.52583655519487	0.763405165234626	2.74935605160397E-4	99.936713771589
520	1.95035615828342		2.5791817890105		0.98695296049118	1.94046728033031	2.54181201778287	0.763418878640326	2.74832394845324E-4	99.9367375216051
519	1.96981928686776		2.60459984310816		0.987108528614044	1.95993040891464	2.56730304801345	0.763419967280923	3.20146348325825E-4	99.9263107429553
518	1.99032500730584		2.63138748948549		0.987286388874054	1.98043612935273	2.59421271125534	0.763405452745005	1.95424979698398E-4	99.9550118581954
517	2.0114979121895		2.65926378331942		0.987494111061096	2.00160903423639	2.62228620206989	0.763306855161891	3.07136445954889E-4	99.9293042210526
516	2.03534840190133		2.69040711815591		0.987728297710419	2.02545952394821	2.65366923677443	0.763267514986224	2.55194420324295E-4	99.9412565739052
515	2.05912460114714		2.72145346812952		0.987989187240601	2.04923572319403	2.68504361080398	0.763203887992132	3.26776656948807E-4	99.9247851946235
514	2.07957050102883		2.74781948364916		0.988263189792633	2.06968162307571	2.7118448260892	0.763200609107282	2.53438134638104E-4	99.9416607368881
513	2.10177198256853		2.7771134654657		0.988561034202576	2.09188310461541	2.7416210153705	0.763009581881512	2.73792407253507E-4	99.9369768363921
512	2.11317309946633		2.79164461775139		0.988881468772888	2.10328422151322	2.7568792782685	0.762922133766489	2.40105534664729E-4	99.9447289375958
511	2.13874093383683		2.82498861175878		0.989219486713409	2.12885205588371	2.79080615913405	0.762809000157957	2.98708253477067E-4	99.9312435309395
510	2.16062792105406		2.85311419758389		0.989577054977417	2.15073904310094	2.81964737239187	0.762768800155496	2.46520131918402E-4	99.9432527492584
509	2.18641748393929		2.88657550116113		0.989948749542236	2.17652860598617	2.85383143442857	0.762668943837597	3.13125637691583E-4	99.9279261431326
508	2.22215476406993		2.93305240527229		0.990337610244751	2.21226588611681	2.90098027103088	0.762592530603688	3.05520640220525E-4	99.9296760117382
507	2.24242298908659		2.95874558143915		0.990751147270203	2.23253411113348	2.92764718225189	0.762569384954458	2.87565682929709E-4	99.9338074714492
506	2.27416903388162		3.00002536643046		0.991183400154114	2.2642801559285	2.96984031737104	0.762424882807467	3.00016709241749E-4	99.9309424554708
505	2.30419115290228		3.03856475836631		0.991617441177368	2.29430227494917	3.00935714909217	0.762389494261686	2.61689819076998E-4	99.9397618428278
504	2.34119090861381		3.08671334215829		0.992055416107178	2.3313020306607	3.05845237720906	0.762248923028217	2.78801395323937E-4	99.9358242077982
503	2.37228141141927		3.12621091280125		0.992499232292175	2.36239253346615	3.0990219466794	0.762302614861266	3.05338197931757E-4	99.9297179910941
502	2.41124498548233		3.17594451855955		0.99295300245285	2.40135610752921	3.14982195114915	0.762378364482831	2.43805541162352E-4	99.9438774541287
501	2.44639947752936		3.22129180841742		0.993394494056702	2.43651059957624	3.19627018840329	0.762298071175707	2.28132148453883E-4	99.947484425831
500	2.48988418194545		3.27711613680763		0.993805527687073	2.47999530399233	3.25307122492633	0.762355058502751	3.14408794628428E-4	99.9276308987131
499	2.5440082539948		3.3474475818391		0.994185566902161	2.53411937604169	3.32423773303797	0.762315929109496	2.82455225521274E-4	99.9349834257679
498	2.61502278007823		3.43854123381886		0.994557678699493	2.60513390212511	3.41607984662146	0.762609195069494	1.77354094651392E-4	99.9591710478335
497	2.70731252580321		3.55954634808144		0.994921982288361	2.69742364785009	3.53772179489592	0.762474780165535	2.91588951919491E-4	99.9328816970195
496	2.81587390232254		3.70080914048573		0.995278537273407	2.80598502436943	3.67958545069816	0.76258183481974	1.89013283584562E-4	99.9564875524965
495	2.91458475397889		3.8286868499357		0.99499124288559	2.90469587602578	3.80576051266149	0.763236642548069	2.27534487729423E-4	99.9476219701231
494	3.01162492693098		3.95425612433629		0.99477756023407	3.00173604897787	3.92985669034159	0.763828374799325	1.75985272475343E-4	99.9594861025979
493	3.06485104976518		4.0224214316811		0.994611084461212	3.05496217181206	3.99699700008024	0.764314351937401	3.42352548982186E-4	99.9212014747733
492	3.09544414046325		4.05944933680658		0.994498908519745	3.08555526251013	4.0333704151081	0.765006668108719	1.73775038291347E-4	99.9599948229353
491	3.09574261458315		4.05691818447295		0.99443906545639	3.08585373663003	4.03061063396663	0.765604524194181	2.04948503978434E-4	99.9528199962565
490	3.10825428445503		4.07051491293424		0.99444317817688	3.09836540650191	4.04414847730328	0.766135423536172	2.38273611733509E-4	99.9451505211862
489	3.1418459225044		4.11153626286799		0.994451105594635	3.13195704455128	4.08497444289758	0.766701747668634	2.6010340451956E-4	99.9401269089044
488	3.18865313667283		4.1702093705437		0.995079815387726	3.17876425871972	4.14594146202981	0.766717110656799	3.46470655286712E-4	99.9202539974371
487	3.29200618801767		4.30232007558221		0.995648920536041	3.28211731006455	4.27984848598507	0.766876986606483	2.83473467340989E-4	99.9347491196362
486	3.3961044664103		4.43589556332972		0.996206641197205	3.38621558845719	4.41531466514705	0.766925088077366	2.91388409392917E-4	99.9329278426604
485	3.52620854303887		4.60232531119986		0.996731162071228	3.51631966508576	4.58352512443756	0.767164915566431	1.63831104424574E-4	99.9622836085382
484	3.63929736094637		4.74673734675563		0.997203469276428	3.62940848299325	4.72970523893304	0.767364624145584	2.32820550067671E-4	99.9464054542174
483	3.72516204566186		4.85538850598945		0.99762898683548	3.71527316770875	4.8401170014711	0.767599867230386	2.5093974161527E-4	99.942235679183
482	3.77829239212925		4.91968383043957		0.998053252696991	3.76840351417614	4.9063455360198	0.768067288883448	2.67313240336771E-4	99.9384677905974
481	3.7850222505008		4.92381530014962		0.99850869178772	3.77513337254768	4.91270974455764	0.768442177299365	2.87313829435576E-4	99.9338654244902
480	3.80378675237894		4.94213463601392		0.998985171318054	3.79389787442583	4.93335479114262	0.769030007985118	2.11336428621381E-4	99.9513498270213
479	3.88119168371027		5.03810244568905		0.999535739421844	3.87130280575716	5.03199695376445	0.769337271331419	2.75414903308278E-4	99.9366034790171
478	4.02012660747152		5.21505091910309		1.00016474723816	4.01023772951841	5.21214121451043	0.769403123298739	2.35189783390591E-4	99.9458602119491
477	4.19840229035292		5.4435922511977		1.00086104869843	4.1885134123998	5.44450795555461	0.769309815798246	2.2830617126916E-4	99.9474443766481
476	4.44342538507698		5.75911261126507		1.00160253047943	4.43353650712386	5.76456747700536	0.769101328904392	2.61673269179118E-4	99.9397656512871
475	4.75694008108986		6.1607604368086		1.00243234634399	4.74705120313675	6.17196812522674	0.769130868277508	2.19520505511528E-4	99.9494663082134
474	5.07431920579824		6.56466414613218		1.00333368778229	5.06443032784512	6.58276787560542	0.769346637090609	1.72053488808952E-4	99.9603910665571
473	5.3596959502634		6.92513090494573		1.00434982776642	5.34980707231028	6.9514693913881	0.769593703302203	2.4688385705011E-4	99.9431690460132
472	5.62200161327778		7.25408463898286		1.00542318820953	5.61211273532466	7.28963622032447	0.76987555561104	2.18549995917475E-4	99.9496896636287
471	5.82690042837701		7.51050194752858		1.0065370798111	5.8170115504239	7.55580581581655	0.769873087294959	2.16796964902309E-4	99.9500931116735
470	6.01164523965053		7.73789758870979		1.00769698619843	6.00175636169741	7.7936588264744	0.770081998112357	1.48980192345223E-4	99.9657019261301
469	6.16425718972431		7.92629812506636		1.00889205932617	6.1543683117712	7.99297748171771	0.769971931717317	2.10010457795564E-4	99.9516549950161
468	6.25379683780403		8.03355084680577		1.01006615161896	6.24390795985091	8.11061160688252	0.769844280861932	1.80475316409086E-4	99.9584526559786
467	6.23075043897034		7.99577269754266		1.01115047931671	6.22086156101722	8.08111912882515	0.769801986809916	1.52869957193611E-4	99.9648065858753
466	6.20579511680443		7.95584966303421		1.01216447353363	6.19590623885131	8.04881429791244	0.769791177870546	2.23332286816128E-4	99.948589060514
465	6.12546000970356		7.84688312294228		1.01307439804077	6.11557113175044	7.94565887966361	0.769674513387787	2.35691236193186E-4	99.9457448107528
464	6.07254256606735		7.77410835516667		1.01387333869934	6.06265368811423	7.87814066624849	0.769553876346463	2.39388165448885E-4	99.9448940268015
463	5.98074107717636		7.65342968133247		1.01454770565033	5.97085219922324	7.76094645515461	0.769345882454525	2.21246767357808E-4	99.9490690233882
462	5.92462891919744		7.57847761864368		1.01511299610138	5.91474004124433	7.68918592279606	0.76922838134385	2.43452342424676E-4	99.9439587355337
461	5.85928380227105		7.49198556576663		1.01557767391205	5.84939492431794	7.60486632428964	0.769164726227363	1.14835020022822E-4	99.9735617549943
460	5.76434560684963		7.3704713572678		1.01598358154297	5.75445672889651	7.4844494080815	0.768855050671197	2.95768551342927E-4	99.9319199592534
459	5.65780207700191		7.23338622597963		1.01623845100403	5.6479131990488	7.34701577425651	0.768735684335773	1.08390817853525E-4	99.9750452060861
458	5.54257116925923		7.08877071142076		1.01637935638428	5.53268229130611	7.20105024271609	0.768316024027531	2.40848828272065E-4	99.9445578826605
457	5.46962441662102		6.99726247204032		1.01642441749573	5.45973553866791	7.10835829189334	0.768072642721795	1.76063670397332E-4	99.9594680581243
456	5.39347016887844		6.90402423999101		1.01638066768646	5.38358129092533	7.0132867913108	0.767626000635734	2.56949471253369E-4	99.9408526967018
455	5.32986970526539		6.82688733844376		1.01623702049255	5.31998082731228	6.93390621390205	0.767241532146202	1.83649404094838E-4	99.9577221016026
454	5.26157092624142		6.74554809316331		1.01600134372711	5.25168204828831	6.84965738076214	0.766707260867984	1.71200838138192E-4	99.9605873190579
453	5.14316631245673		6.60208803514279		1.01566588878632	5.13327743450362	6.70168833006892	0.765967795230314	2.30625936601025E-4	99.9469105130903
452	5.02879459660515		6.46010600446013		1.01526415348053	5.01890571865203	6.55488828586148	0.765673723147582	1.7770566449935E-4	99.959090128969
451	4.84064653827492		6.22629833937875		1.01477611064911	4.8307576603218	6.31447488349148	0.765029198698898	2.21337662174454E-4	99.9490481047449
450	4.63248115824733		5.96465488339298		1.01419520378113	4.62259228029422	6.04550263486428	0.76463324217838	2.47976273997987E-4	99.942917650983
449	4.41031057808039		5.68456765306684		1.0135600566864	4.40042170012728	5.75783136598997	0.764249839986534	1.7384509166583E-4	99.9599786990041
448	4.17468583536956		5.38844024946495		1.01285493373871	4.16479695741644	5.45389160221553	0.763637648339873	1.68174835559277E-4	99.9612838097144
447	3.99375030142457		5.16250366589509		1.01211142539978	3.98386142347146	5.22121505603396	0.763014237244923	1.72524819893373E-4	99.9602825816099
446	3.80964064639852		4.93330266583437		1.01131975650787	3.7997517684454	4.98533554611007	0.76218576127945	1.96865594495111E-4	99.9546802941617
445	3.69734825182769		4.79528673621007		1.01049888134003	3.68745937387457	4.8418240712258	0.761584749802984	1.17216832477147E-4	99.9730134689086
444	3.61685629658291		4.69901663161428		1.00964379310608	3.6069674186298	4.74052838657785	0.760878772257208	2.22135400904681E-4	99.9488645123743
443	3.58790589386656		4.66629446377628		1.00880837440491	3.57801701591344	4.70359549132873	0.760698283368471	1.72657121117634E-4	99.9602521302312
442	3.53821071584248		4.60567620229975		1.00797557830811	3.52832183788936	4.638610830528	0.760641917763068	1.8506702782198E-4	99.9573958202125
441	3.52766419488852		4.5948187682611		1.00718784332275	3.51777531693541	4.62405027106043	0.760756287394055	8.95162293897886E-5	99.9793902505633
440	3.50302735416666		4.5663198303867		1.00642335414886	3.49313847621354	4.59185846599646	0.760724334619819	1.97355433243746E-4	99.9545675558011
439	3.48657917308004		4.54621593642406		1.00571870803833	3.47669029512692	4.56842461950789	0.761026083320037	1.65286366743062E-4	99.9619486489498
438	3.47835425856212		4.53562572650544		1.00510931015015	3.468465380609	4.55501214289435	0.761461280848544	1.37373677079083E-4	99.9683735441171
437	3.48976064279389		4.54915672010372		1.00464129447937	3.47987176484077	4.56648495750133	0.762046036990533	1.34357410999886E-4	99.9690678478068
436	3.50380281803075		4.5643384583243		1.00431418418884	3.49391394007763	4.58024534919357	0.762822441529861	1.40602988695943E-4	99.9676302055686
435	3.53737826955674		4.6043653868753		1.00416374206543	3.52748939160362	4.61975283768446	0.76356669188642	5.40575715073821E-5	99.9875535588021
434	3.58510417268635		4.66236170012012		1.00418722629547	3.57521529473323	4.67810003609865	0.764245156611661	1.34299889769656E-4	99.9690810884635
433	3.65515555180097		4.74784358454418		1.00440275669098	3.64526667384785	4.76496234495034	0.765014791294398	1.61076079895306E-4	99.9629177391301
432	3.7190297947098		4.82392106226753		1.00481104850769	3.70914091675669	4.84334280224672	0.765822504869177	1.3374574565297E-4	99.9692086454917
431	3.79105689403137		4.91180625478745		1.00536251068115	3.78116801607826	4.93435741199706	0.766293906251092	1.61009865161886E-4	99.9629329799833
430	3.85768180831593		4.99122107380606		1.00603294372559	3.84779293036282	5.01754184701219	0.7668681293917	1.0779189082287E-4	99.9751830798118
429	3.90301715969728		5.04521405454735		1.0067173242569	3.89312828174417	5.07531083172683	0.76707189191397	1.50357562680663E-4	99.9653848841694
428	3.9425462488948		5.09188887125538		1.00732290744781	3.93265737094168	5.1253804586355	0.76729081922411	1.12873782809826E-4	99.9740132281779
427	3.95506053107136		5.10614044590546		1.00784730911255	3.94517165311824	5.14241208872187	0.767183101053031	1.38904993586591E-4	99.9680210575967
426	3.97619329465879		5.13155032129221		1.00823533535004	3.96630441670567	5.17001107723946	0.767175226019727	8.41198434211882E-5	99.980632565981
425	3.96392989138748		5.1174445108017		1.00844466686249	3.95404101343436	5.15685955425524	0.766753674757663	1.48940294888628E-4	99.9657111097085
424	3.92498651996106		5.0706695109886		1.00845658779144	3.91509764200794	5.10974995732119	0.766201413906455	4.85805983303682E-5	99.988814529468
423	3.86070693037416		4.99398722369735		1.00823640823364	3.85081805242104	5.03132045532824	0.765369267692533	1.23981656025916E-4	99.9714562432086
422	3.79275780955192		4.9133930467733		1.00780355930328	3.7828689315988	4.94793734601962	0.764534525612363	1.01819448532151E-4	99.9765579536405
421	3.70687681624274		4.80981730255826		1.00717306137085	3.69698793828962	4.84052313835078	0.76375793124485	8.46743250201322E-5	99.9805049166833
420	3.60300488062263		4.68462283284367		1.00632703304291	3.59311600266952	4.71047050544475	0.762793440382718	8.39848248872058E-5	99.980663649131
419	3.66226823487802		4.77244124069589		1.00541400909424	3.6523793569249	4.79449063062045	0.761786733631024	2.04638881914875E-4	99.9528912557606
418	3.52056557431142		4.60101484977932		1.00442969799042	3.5106766963583	4.61761101478833	0.760279868770894	2.50260108534081E-4	99.9423920802094
417	3.40212612165968		4.45942224780603		1.00336182117462	3.39223724370656	4.47063311074611	0.758782293172886	2.60258721278809E-4	99.9400911673178
416	3.28300467438176		4.31609820052716		1.00222516059875	3.27311579642864	4.32192557820426	0.75732812543908	1.96120045685295E-4	99.9548518854666
415	3.19593276310859		4.21340063013674		1.00108110904694	3.18604388515547	4.21418345276841	0.756028758800824	2.63548420279902E-4	99.9393341427951
414	3.12984476288438		4.13491664607534		1	3.11995588493127	4.13114839705552	0.755227260089475	2.27331305998218E-4	99.9476687299518
413	3.05858607176287		4.04980326750919		0.998973429203033	3.04869719380975	4.04188147709588	0.754276742424486	2.59660873387113E-4	99.9402287445066
412	2.99576683373263		3.9759390344059		0.997905433177948	2.98587795577952	3.96385080824748	0.753277078331726	2.55205663800854E-4	99.9412539865199
411	2.91228645076542		3.87565446449412		0.996788322925568	2.9023975728123	3.85945096728124	0.752023434788413	2.5280757971389E-4	99.9418058429272
410	2.85028455892332		3.80230484320518		0.99567312002182	2.84039568097021	3.78210078224959	0.751010045607707	2.00270617628099E-4	99.9538966170057
409	2.77545019642938		3.71094097638275		0.994610667228699	2.76556131847626	3.68719353989447	0.75004506504842	2.83299530527093E-4	99.9347891439424
408	2.72761533333927		3.65343025883911		0.993608474731445	2.71772645538615	3.62633510286184	0.749441620340428	1.87531798003074E-4	99.9568285293079
407	2.69480758200552		3.61487293477443		0.992691278457642	2.6849187040524	3.58471212714612	0.748991441661435	2.84995583333576E-4	99.9343988687819
406	2.66181422276235		3.57546136266629		0.991901516914368	2.65192534480924	3.54276781737853	0.748546188039929	2.36445930849773E-4	99.9455711303189
405	2.64421546794986		3.55552420454283		0.991254270076752	2.63432658999675	3.52069325718271	0.748240871204087	2.71772135689313E-4	99.937441729018
404	2.64101302655641		3.55414003706789		0.990834653377533	2.63112414860329	3.51783139997198	0.747939241381566	2.75736558377575E-4	99.9365294621816
403	2.64447296306602		3.56051359661273		0.990659058094025	2.6345840851129	3.5235219959267	0.747713250593743	2.41629434952107E-4	99.9443782411438
402	2.66220830235062		3.58560479524294		0.99070817232132	2.65231942439751	3.54855473826241	0.747436525580057	2.55833518740339E-4	99.9411095026104
401	2.67712240141212		3.60587286156821		0.991027057170868	2.66723352345901	3.56978313379543	0.747169624453678	2.32535277580186E-4	99.9464711054523
400	2.70410975481991		3.64167717050717		0.991591811180115	2.69422087686679	3.60732069636593	0.746875895891649	2.49721202508075E-4	99.9425160965002
399	2.71592158338599		3.65599078128982		0.992447733879089	2.70603270543288	3.62463997577351	0.746565927518196	2.15230822109774E-4	99.950453550055
398	2.73087729621686		3.67350374508703		0.99357545375824	2.72098841826374	3.64615911067769	0.74626156886445	2.20807847973768E-4	99.949170036889
397	2.73933501102681		3.68159443108986		0.99498325586319	2.7294461330737	3.65937546913492	0.745877583783153	2.26178082615636E-4	99.947934130841
396	2.73919464237503		3.6772183202675		0.996666491031647	2.72930576442191	3.66120459249037	0.745466606815716	2.39620570874782E-4	99.9448405429779
395	2.73018309455948		3.65994811769979		0.998634338378906	2.72029421660636	3.65118676415349	0.745043842542809	2.19352962688547E-4	99.9495048668866
394	2.72778925911982		3.65164699468608		1.00088000297546	2.71790038116671	3.65108888981658	0.744408165122282	2.34089737263875E-4	99.9461133701176
393	2.72639869516054		3.64430622323104		1.00338685512543	2.71650981720742	3.65286794890849	0.743664938125984	1.86090824657584E-4	99.9571601829912
392	2.7219726697876		3.6331993018887		1.00611889362335	2.71208379183448	3.65163915539467	0.742703119454681	2.26521650796316E-4	99.9478550625642
391	2.73001740852498		3.63783980479985		1.00907671451569	2.72012853057187	3.66705698582141	0.741774273235779	2.24579776301839E-4	99.9483019635324
390	2.73814879276983		3.64183052744015		1.01226460933685	2.72825991481672	3.68268169100829	0.740835115203709	2.16048627631303E-4	99.9502653368512
389	2.7467890637314		3.64704806892321		1.01579105854034	2.73690018577829	3.70081106481833	0.739540640644036	2.19839603654445E-4	99.9493928703074
388	2.77348181264818		3.67528071041196		1.0196373462677	2.76359293469507	3.74361122292267	0.738215794891625	2.32088335160513E-4	99.9465739627127
387	2.78062032580325		3.67750729731712		1.02374601364136	2.77073144785014	3.76097570585296	0.736705489359645	1.87727209993552E-4	99.9567835534695
386	2.80615144142389		3.70518053939405		1.02809154987335	2.79626256347077	3.80539069833111	0.734816155591357	2.09909373579452E-4	99.9516782592672
385	2.82096843355219		3.7186542087738		1.03263711929321	2.81107955559907	3.83612913598315	0.732790648060033	2.22742817323076E-4	99.9487247211925
384	2.8451155037682		3.74399349089912		1.03739488124847	2.83522662581508	3.88009052064191	0.730711464263991	1.69290969051746E-4	99.9610269103107
383	2.86319397049283		3.76160094932485		1.04228162765503	2.85330509253972	3.91671998332922	0.728493511071579	2.09835575110867E-4	99.9516952437828
382	2.87508909983984		3.7714911714533		1.04716074466705	2.86520022188672	3.94541154115457	0.726210736700045	1.99412562641557E-4	99.9540941005744
381	2.88492159491773		3.77845130326143		1.05201208591461	2.87503271696462	3.97101219355925	0.724005008503312	1.67596483575517E-4	99.9614169287102
380	2.8875006842629		3.77754624955411		1.05682492256165	2.87761180630978	3.98822264317949	0.721527372909075	2.63734751997237E-4	99.9392912643691
379	2.89290496890927		3.7798860688807		1.061567902565	2.88301609095616	4.00860547386803	0.719206744028676	1.98437521390985E-4	99.9543185093071
378	2.88829375066598		3.76950533161749		1.06622624397278	2.87840487271286	4.01512770536711	0.71688999302942	1.84665356320434E-4	99.9574882691325
377	2.89305755679929		3.77099212360373		1.07074952125549	2.88316867884617	4.03375316017299	0.714760810679483	1.63398795992279E-4	99.962383113739
376	2.88767998113718		3.76077915977736		1.07512474060059	2.87779110318407	4.03925538086176	0.712455844416081	2.20529444642342E-4	99.9492341090612
375	2.89294554508099		3.76362071250038		1.07931578159332	2.88305666712787	4.05806810029709	0.710450538500524	2.23544621607837E-4	99.9485401937691
374	2.89428211734127		3.76241578086457		1.08323669433594	2.88439323938815	4.07150492756943	0.70843417623224	2.26216846153411E-4	99.9479252098542
373	2.9015470220974		3.7688289278116		1.08680582046509	2.89165814414428	4.09188986011513	0.706680346489805	2.20352189894409E-4	99.9492749027637
372	2.90598529112263		3.77189375934232		1.08998930454254	2.89609641316951	4.10721650442543	0.705123874051695	1.98200263571232E-4	99.9543731149978
371	2.91202000789539		3.77730245072696		1.09271693229675	2.90213112994228	4.12340471680629	0.703819132309202	2.45041673571314E-4	99.9435929842693
370	2.92183255668431		3.78813748486335		1.09493815898895	2.91194367873119	4.14365028402894	0.702748417248152	2.41357037246634E-4	99.944440928166
369	2.93262315722713		3.79984336860564		1.09609699249268	2.92273427927401	4.16086652185428	0.702434039621992	2.32771661393618E-4	99.946416705218
368	2.93758825730495		3.80450396429014		1.09620356559753	2.92769937935183	4.16638004297321	0.702696189294955	2.66345160357945E-4	99.9386905623379
367	2.95718951455084		3.82755679622927		1.09532988071442	2.94730063659773	4.18830985329208	0.703696894412217	2.57535347471941E-4	99.9407178735995
366	2.96658286168128		3.8377981414032		1.09350752830505	2.95669398372816	4.19254055106783	0.705227283484496	1.95874932169825E-4	99.9549082994739
365	2.98453649930485		3.85985463545569		1.09079897403717	2.97464762135173	4.20621507412294	0.707202929220635	2.95707863931556E-4	99.9319339235339
364	3.00286615011051		3.88179150060241		1.08727586269379	2.9929772721574	4.21648107641102	0.70982822356337	2.61163660030851E-4	99.9398829225186
363	3.0206046143951		3.90317061428651		1.08299589157104	3.01071573644199	4.22303674116624	0.712926720976277	2.71415236067459E-4	99.9375238568168
362	3.04780457766532		3.93627015028707		1.07849431037903	3.03791569971221	4.24118092607143	0.716290050499261	2.83625909159453E-4	99.9347140415202
361	3.06868896478891		3.96143557987401		1.07380759716034	3.05880008683579	4.24977324690451	0.719756069118227	2.4306230329195E-4	99.9440484950728
360	3.09504188216407		3.99369811636619		1.06893277168274	3.08515300421096	4.26496679192229	0.723370932231908	2.64712747779148E-4	99.9390662094828
359	3.11771061986646		4.02069701762549		1.06376707553864	3.10782174191335	4.27307656882666	0.727303078205012	2.27065914993297E-4	99.9477298065288
358	3.14077680629773		4.04851180022919		1.05833911895752	3.13088792834462	4.28071032639603	0.731394485872754	2.15263524368896E-4	99.9504460238127
357	3.16439129594947		4.07665205890582		1.05269610881805	3.15450241799635	4.28750893833503	0.735742470363534	2.28407567039734E-4	99.9474210416822
356	3.17763732861138		4.0916790241778		1.04688131809235	3.16774845065826	4.27955742054129	0.740204684590399	1.58776837004857E-4	99.9634469644505
355	3.20362768495284		4.12310617248972		1.0409619808197	3.19373880699973	4.28807416448095	0.744795608586755	2.29838407223943E-4	99.947091752325
354	3.21844453059676		4.14027888970626		1.03497338294983	3.20855565264365	4.28117841139921	0.749456188067388	1.95670269535441E-4	99.9549554035485
353	3.24073062669912		4.16649733442572		1.02894842624664	3.230841748746	4.28323354131952	0.754299693812793	1.78282937100087E-4	99.958957261507
352	3.25931649088266		4.18812516637055		1.02306663990021	3.24942761292955	4.28087597157719	0.759056705801352	1.84732825814833E-4	99.9574727403129
351	3.26414921791413		4.19232471469361		1.01734268665314	3.25426033996102	4.26119728798694	0.763696238410587	1.85491952295967E-4	99.9572980194693
350	3.29208790188453		4.22612012471482		1.01178658008575	3.28219902393141	4.27211896422811	0.768283620239598	1.58359833043783E-4	99.9635429481092
349	3.28629382231784		4.21718310082475		1.00650131702423	3.27640494436472	4.24080759751111	0.772589859131456	1.76517492532144E-4	99.9593636041251
348	3.30874966939608		4.24325930921665		1.00149571895599	3.29886079144296	4.24583214733932	0.776964485868856	1.18819170222066E-4	99.9726446172558
347	3.31390012103565		4.24822672863039		0.99670946598053	3.30401124308254	4.23049194458918	0.780999298984219	1.46785778645159E-4	99.9662070365314
346	3.32659109998885		4.26265774663914		0.99214780330658	3.31670222203573	4.22544785958846	0.784935072505844	2.41424025120559E-4	99.944425512209
345	3.33825421029381		4.27519707764372		0.987797260284424	3.32836533234069	4.21930569441459	0.788841950168886	1.1671298723092E-4	99.9731294523228
344	3.34893931767299		4.28670653804695		0.983641147613525	3.33905043971987	4.21287433377655	0.792582492420714	1.46561874222536E-4	99.966258575021
343	3.35182880740753		4.28867028315629		0.979665756225586	3.34193992945442	4.19777179162485	0.796122346651159	1.06857797160205E-4	99.9753981096803
342	3.35897020142197		4.2965225048046		0.975760638713837	3.34908132346885	4.18870063446609	0.799551368248053	1.22655624333444E-4	99.9717614866027
341	3.37181677119485		4.31159398911938		0.971918165683746	3.36192789324174	4.18685409140279	0.80297230804987	1.33818537967614E-4	99.9691918896042
340	3.36499306516743		4.30166563222546		0.968130171298981	3.35510418721432	4.16092412982831	0.806336304755636	1.17693476682785E-4	99.9729037472026
339	3.37568307977315		4.3148679759227		0.964619815349579	3.36579420182004	4.15857222251867	0.809362930766059	1.36979915881868E-4	99.9684641823497
338	3.36787398556608		4.30445874744867		0.961340546607971	3.35798510761296	4.13442815455129	0.812200619308476	5.85124426261112E-5	99.9865279197517
337	3.36236154662326		4.29851787833178		0.958259046077728	3.35247266867014	4.11548268292715	0.814600115456125	1.01519614499756E-4	99.9766269768174
336	3.34775312383007		4.28117897459247		0.955322027206421	3.33786424587695	4.08630468554855	0.816841744004431	8.03625390201121E-5	99.9814975534755
335	3.33628520395402		4.26901109134031		0.952541172504425	3.3263963260009	4.06281941804006	0.818740875174212	1.42054611650399E-4	99.9672960657851
334	3.31460888568126		4.24412719251396		0.949889779090881	3.30472000772814	4.02787362010169	0.820462685630318	6.6868637499031E-5	99.984604112499
333	3.28773998930425		4.21334750513695		0.94739955663681	3.27785111135113	3.98815352087288	0.821896924026564	1.1001713819481E-4	99.9746708261389
332	3.25303671795854		4.17483289347444		0.944806516170502	3.24314784000542	3.94084905544912	0.822956625431018	7.9720034256848E-5	99.981645468401
331	3.2048336541863		4.11894543031885		0.942112147808075	3.19494477623319	3.87695841288441	0.824085387559314	7.03477480607013E-5	99.9838031442313
330	3.15032825889628		4.05680502529371		0.939315378665924	3.14043938094317	3.80707977425262	0.824894556237576	4.71185381562535E-5	99.9891511441747
329	3.108089172151		4.01095099715662		0.936610460281372	3.09820029419789	3.75316927816398	0.825489090572941	9.35838189569535E-5	99.9784538508686
328	3.05794818114042		3.95439479621074		0.933943271636963	3.0480593031873	3.68966108249932	0.826108207511188	4.42504064662093E-5	99.9898114864355
327	3.00457867451773		3.89245064362622		0.931326270103455	2.99468979656462	3.62163207018575	0.826889573134089	7.07433660128594E-5	99.9837120646273
326	2.96108619422277		3.8440306853236		0.92875337600708	2.95119731626966	3.56665670247031	0.827440811510011	2.68596016251044E-5	99.9938155394151
325	2.90506578429037		3.77986590286515		0.926237106323242	2.89517690633725	3.49756176409168	0.827770058576544	5.47992211321409E-5	99.9873828090658
324	2.87074668042359		3.74201344940312		0.923812508583069	2.86085780247048	3.45343767626471	0.828408696103885	7.03352538861763E-5	99.9838060206554
323	2.82037756441392		3.68326089836835		0.921528518199921	2.8104886864608	3.39075740888165	0.828867520601472	4.71662552668542E-5	99.9891401580965
322	2.7796125621354		3.63650751720751		0.919212281703949	2.76972368418229	3.33925855154634	0.829442716527502	4.45675905656933E-5	99.9897384595654
321	2.74299040652002		3.59410898222068		0.916910946369171	2.7331015285669	3.29202271946698	0.830219521999358	3.98008518993699E-5	99.9908359350989
320	2.71333914931428		3.55953301800337		0.914670467376709	2.70345027136117	3.25235302312782	0.831229036988498	5.86634615781837E-5	99.9864931510437
319	2.69000919335282		3.53346512259972		0.912529110908508	2.6801203153997	3.2209511498244	0.832089712240998	3.63706184048407E-5	99.9916257062874
318	2.658165419066		3.49631935858799		0.910539090633392	2.64827654111288	3.18010431129684	0.832764048558179	4.18791705560255E-5	99.9903574295428
317	2.63258658616039		3.46709272296259		0.908678650856018	2.62269770820727	3.14704901045894	0.833383178810044	7.8872970400666E-6	99.9981838992325
316	2.60901764094207		3.44091923673905		0.906927943229675	2.59912876298895	3.11724827586204	0.833789462044114	2.74540393592839E-5	99.9936786736271
315	2.57688630562124		3.40324037946773		0.905307412147522	2.56699742766812	3.07756731708342	0.834099521858987	3.54501954047213E-5	99.9918376239918
314	2.56277641798231		3.38808967152046		0.903821349143982	2.55288754002919	3.0588219540214	0.834598279469303	-8.99509666443201E-6	100.002071218998
313	2.53212665003837		3.35169003787684		0.902508914470673	2.52223777208525	3.02152925939406	0.834755369071312	6.79499706679986E-6	99.9984354063446
312	2.51123136203593		3.32800510144804		0.901354432106018	2.50134248408281	2.99631562030633	0.834806075545234	1.79841685658279E-5	99.9958590778936
311	2.47856754380707		3.2890582388107		0.900331139564514	2.46867866585395	2.95784888030831	0.834619605581957	2.40879801802758E-5	99.994453691405
310	2.44745090574781		3.25238348309787		0.899488806724548	2.4375620277947	2.92209304040805	0.83418357803361	-4.15948038212888E-5	100.009578016185
309	2.41738718516482		3.21808585139898		0.898925364017487	2.4074983072117	2.88943162078649	0.833208264868503	3.55217514757247E-6	99.9991820847907
308	2.3837616481898		3.17893344677027		0.898677170276642	2.37387277023669	2.85344847507524	0.831931184660375	3.14384200666865E-5	99.9927612982674
307	2.36027711459224		3.1524666011729		0.898729979991913	2.35038823663912	2.8298296070311	0.830575887254575	2.53288849422112E-8	99.999994167809
306	2.33061450484748		3.11726083959482		0.899035274982452	2.32072562689436	2.79913966732342	0.829085327176074	-9.69056022650246E-6	100.002231358846
305	2.30213730769564		3.0835710203935		0.899677276611328	2.29224842974253	2.77082856984949	0.827279050997746	-1.69371502155878E-5	100.003899999008
304	2.27785527654267		3.05632827147892		0.900652170181274	2.26796639858955	2.74929480883639	0.824926592557548	-6.41267223231985E-5	100.014766813675
303	2.23807142660398		3.01000507830464		0.901984810829163	2.22818254865087	2.71157995777013	0.821728506388288	-8.2310246749192E-6	100.001895281432
302	2.19673044776527		2.96121473426132		0.903549313545227	2.18684156981215	2.6721987415867	0.818367861558698	-4.62207857882605E-5	100.010643295593
301	2.15602740837713		2.9134371831827		0.905354738235474	2.14613853042401	2.63428255624092	0.814695646577305	2.12275252723915E-6	99.999511219362
300	2.11205022349426		2.86095380936897		0.907451450824738	2.10216134554114	2.59275718201433	0.81078218975676	-4.5770159086186E-5	100.01053952397
299	2.06967854397607		2.81012000830256		0.910263776779175	2.05978966602295	2.55452035137559	0.806331280513686	-7.71834736451813E-5	100.017773730925
298	2.0322030314305		2.76636126824304		0.913794457912445	2.02231415347738	2.52444219043378	0.801093469733954	-6.26712492222029E-5	100.014431629681
297	1.98047264833642		2.70376258685255		0.917980194091797	1.97058377038331	2.47854132629044	0.795057863058763	-9.31009830733445E-5	100.021439591529
296	1.93678370808131		2.65185558022402		0.922788560390472	1.92689483012819	2.44362469615017	0.788539595775053	-4.88122010725087E-5	100.011240056302
295	1.89106908424054		2.59698558532608		0.928298592567444	1.88118020628742	2.4072800035146	0.781454672302733	-1.21674299145135E-4	100.028020467741
294	1.83660905027846		2.53141654261933		0.934404373168945	1.82672017232534	2.3618456193724	0.773429117187916	-9.76943002399679E-5	100.022497474243
293	1.78267776387287		2.46639697500805		0.941053092479706	1.77278888591975	2.31746437822057	0.764969206249873	-8.79662178199674E-5	100.020257021642
292	1.73344358438209		2.40646863052094		0.947771847248077	1.72355470642898	2.27721177895898	0.756870626770119	-1.42415221470293E-4	100.032797693865
291	1.67902916809562		2.34008747844244		0.954483270645142	1.6691402901425	2.22997761937044	0.748500915723868	-8.48610302078613E-5	100.019541883491
290	1.62408866538546		2.27346260077897		0.961205065250397	1.61419978743235	2.18164170748111	0.739901415478565	-9.70466877620128E-5	100.022348322522
289	1.56609000839065		2.2030905063336		0.967701375484467	1.55620113043753	2.12828717353615	0.731198848439193	-1.29244369670156E-4	100.029764044509
288	1.49608283093601		2.11810681526693		0.973872363567352	1.48619395298289	2.05909589689268	0.721770149328969	-1.08496017389091E-4	100.024985252023
287	1.4320037052155		2.0404194132336		0.979641914367676	1.42211482726238	1.99518884540954	0.71277204187179	-1.26390090746002E-4	100.029106629043
286	1.37363049988234		1.96961011175873		0.985037505626678	1.36374162192922	1.93642796492884	0.704256314527733	-1.14485705394985E-4	100.026364782758
285	1.31638733604857		1.90016080783702		0.990005016326904	1.30649845809545	1.87743814615404	0.695894275277104	-1.75167479786505E-4	100.040341937945
284	1.26621730451076		1.83999124020635		0.994526863098145	1.25632842655764	1.82617309137343	0.687956926149198	-1.15021896191471E-4	100.026488277879
283	1.21472257815402		1.77692252707946		0.998537302017212	1.2048337002009	1.77056068887394	0.680481447358445	-1.74215387741385E-4	100.04012262245
282	1.15975658716272		1.71012228320575		1.00214016437531	1.1498677092096	1.71000591230155	0.672434931913164	-1.43773324852509E-4	100.033110511778
281	1.10782635055381		1.64677548170106		1.00528156757355	1.0979374726007	1.65168488640447	0.664737857467948	-1.05915072961239E-4	100.02439082089
280	1.05555900457126		1.58385237251645		1.00794303417206	1.04567012661814	1.59263478568429	0.656566173247848	1.75691926744315E-4	99.9595536206062
279	1.00952631127375		1.52720285492055		1.00999760627747	0.999637433320633	1.53866530527999	0.649678282788558	-9.99427155965575E-5	100.023015308825
278	0.971194679957188		1.48062707690841		1.01076138019562	0.961305802004072	1.49275186723075	0.643982314212354	-8.62402714713526E-5	100.019859528094
277	0.935678283004378		1.4369461780351		1.01021814346313	0.925789405051262	1.44782234670215	0.639435775501064	-1.40856835177268E-4	100.032438745116
276	0.902535906427824		1.3968461156343		1.00850391387939	0.892647028474708	1.40492448081945	0.635370114665559	-9.90360154723068E-5	100.022806485573
275	0.874086567247068		1.3628097006702		1.00567150115967	0.864197689293952	1.36674925681945	0.632301561520522	-9.32460261489706E-5	100.021472996097
274	0.848763705104601		1.33312049180446		1.00166654586792	0.838874827151485	1.33156766927186	0.629990383898557	-1.16877279277351E-4	100.026915609698
273	0.827853849536298		1.30868915492699		0.996584177017212	0.817964971583182	1.30046352708604	0.628979555786544	-1.32031608082496E-4	100.030406022952
272	0.808461376774431		1.28601574650928		0.990479826927185	0.798572498821315	1.27004027939118	0.628777300830277	-1.24191034047439E-4	100.028600131426
271	0.793971708558403		1.27022331645764		0.984030902385712	0.784082830605287	1.24623092284179	0.629163356673364	-1.3082787537996E-4	100.030128769362
270	0.779613484128471		1.25342013811902		0.977289319038391	0.769724606175355	1.22127144373279	0.63026496699432	-8.02317430196552E-5	100.018475748102
269	0.765969258108771		1.23867981377607		0.969450056552887	0.756080380155655	1.19718508629075	0.631548445443992	-1.43479671582765E-4	100.033042873249
268	0.751912756394919		1.22290411040893		0.960526764392853	0.742023878441803	1.17101262429537	0.63366001616618	-1.37651524001636E-4	100.031700458253
267	0.740548619172261		1.21058619053627		0.95069831609726	0.730659741219145	1.14731978483565	0.636840531189665	-2.19555937435348E-4	100.050567403865
266	0.727356321861694		1.19570995615968		0.940096080303192	0.717467443908578	1.12053972683207	0.640287378241343	-2.36363733495504E-4	100.054439573887
265	0.715735345650805		1.18269211868728		0.928679645061493	0.705846467697689	1.0948426008373	0.644701317940938	-2.25274131927358E-4	100.051884741279
264	0.701923878726012		1.16646584769499		0.916590332984924	0.692035000772896	1.06571737913044	0.649360716382005	-2.39746254201828E-4	100.055218855102
263	0.685806796576058		1.14633972472853		0.903754353523254	0.675917918622942	1.03260394538324	0.654576153466162	-2.73832650905367E-4	100.063072180135
262	0.672459860594233		1.12993165136881		0.890914976596832	0.662570982641117	1.00331584124795	0.660381263209194	-3.06716016566739E-4	100.070648917352
261	0.656954573485779		1.11030792250435		0.878135800361633	0.647065695532663	0.971692101807231	0.665916388873799	-2.9358554841944E-4	100.067623425066
260	0.640954637636626		1.08941275962397		0.865367650985718	0.63106575968351	0.939481639947051	0.671716969071451	-3.3818431715812E-4	100.07790014315
259	0.622916365613976		1.06555743745367		0.85245943069458	0.61302748766086	0.905132207089975	0.677279498905205	-4.13144018910998E-4	100.095175188786
258	0.601927123144134		1.03701602826596		0.839563012123108	0.592038245191018	0.867476617813395	0.682483231286787	-3.82730587084787E-4	100.088165817673
257	0.583099947316044		1.01126916557587		0.826433718204498	0.573211069362928	0.83263272856385	0.688432065782015	-4.04704073219285E-4	100.093229988768
256	0.564207076297786		0.984928731415982		0.81306129693985	0.55431819834467	0.797743614323148	0.694857581298204	-4.46173838532532E-4	100.102788113759
255	0.54706823664459		0.960742507147391		0.799651682376862	0.537179358691474	0.765246075503057	0.701969439488262	-4.69747427329019E-4	100.108221860003
254	0.528519475732379		0.934920925219318		0.786224722862244	0.518630597779263	0.732095254787384	0.708419559323444	-5.21351109359979E-4	100.12011761275
253	0.507827527878048		0.905217688948847		0.772798895835876	0.497938649924932	0.696639131829018	0.714772724032312	-5.36180199402947E-4	100.123536296728
252	0.489323722409993		0.878670827787833		0.759391844272614	0.479434844456877	0.664393882849503	0.721612370060724	-5.90939129829824E-4	100.136161378665
251	0.468168156088277		0.84788015560862		0.746072351932526	0.458279278135161	0.629768555442951	0.727694760518533	-5.92807535022057E-4	100.136592181574
250	0.449061662023998		0.819912037434242		0.732924580574036	0.439172784070882	0.598171843811742	0.734191668521762	-6.56040686524089E-4	100.151173102023
249	0.427489901551112		0.787618249416309		0.720633029937744	0.417601023597996	0.564868200802421	0.739289312099309	-6.72033360837482E-4	100.154861186148
248	0.408053556719108		0.758416980001742		0.708929538726807	0.398164678765992	0.534992776755781	0.744243092739456	-7.35331139039906E-4	100.169459672816
247	0.389186320466373		0.729447439712225		0.697923898696899	0.379297442513257	0.506468849971251	0.748905766928779	-7.3377840560382E-4	100.169101537501
246	0.369960289049055		0.699579605358915		0.6875981092453	0.360071411095939	0.478438573010166	0.752596950598062	-7.23715409710503E-4	100.166780555721
245	0.35212819988691		0.671257315433023		0.678074300289154	0.342239321933794	0.45260718165879	0.756150887132411	-8.52478933709994E-4	100.196483304456
244	0.330523323264255		0.636236072286828		0.669374763965607	0.320634445311139	0.423357999915191	0.757360072032109	-8.41877738317957E-4	100.194037522672
243	0.311021402260638		0.603938745755725		0.661558091640472	0.301132524307522	0.397047648479517	0.758429184660079	-8.64386473967017E-4	100.199230541791
242	0.291539020136337		0.570868703468433		0.653966724872589	0.281650142183221	0.370864826869513	0.759441504767768	-8.79232021729553E-4	100.202655724355
241	0.275448926206489		0.543027283596772		0.646870613098145	0.265560048253373	0.348830822315503	0.761286076988876	-9.2396739062121E-4	100.212977830281
240	0.26005234576264		0.51561347450221		0.640305876731873	0.250163467809524	0.327737505853522	0.763304362001617	-9.56475879711585E-4	100.220479409424
239	0.244660448241135		0.487805350834029		0.63483726978302	0.234771570288019	0.307284792189415	0.764019490243116	-0.0010110887358906	100.233083002166
238	0.228504799501979		0.457833901674004		0.630380034446716	0.218615921548863	0.286233921761212	0.76376664304394	-0.00102165746578845	100.235522244006
237	0.210133386916696		0.423022138812617		0.626808166503906	0.20024450896358	0.262791761960651	0.761989293231969	-0.00124850666284922	100.287892900989
236	0.194032352435134		0.392129032856958		0.624054491519928	0.184143474482018	0.242358291483763	0.759798533628279	-0.00120366938014487	100.27753954703
235	0.177810874228468		0.360498599328562		0.622274458408356	0.167921996275352	0.221984185536192	0.756459276005378	-0.00130741282066392	100.301496516397
234	0.161757561609508		0.328702713225143		0.621340751647949	0.151868683656392	0.201895024225656	0.752216079811109	-0.0014895562126547	100.343571852748
233	0.150135691233583		0.305516434020916		0.621121406555176	0.140246813280467	0.187422257093349	0.748293268128848	-0.00172231353827964	100.397364756385
232	0.135822097235602		0.276802943840239		0.621190249919891	0.125933219282486	0.169606490312295	0.742502359730494	-0.00158741630945424	100.366184937836
231	0.122428629576717		0.249456970743942		0.621524631977081	0.112539751623601	0.152701592350502	0.736991342993233	-0.00171000004021424	100.394518242596
230	0.110582091271087		0.225199721390185		0.621933937072754	0.100693213317971	0.137715747403115	0.731167024953412	-0.00192155951348919	100.443435708373
229	0.0981174981965038		0.199572716296968		0.62280935049057	0.0882286202433878	0.12194885308803	0.723488725061638	-0.00206635517704517	100.476929568593
228	0.0863496044523273		0.175172069231077		0.623824656009674	0.0764607264992113	0.106925929182029	0.715081244410286	-0.00212055141039232	100.489469011612
227	0.0764272354886792		0.154381678345829		0.624672889709473	0.0665383575355632	0.0940841261261286	0.707221932915254	-0.00221715380185084	100.511823895579
226	0.0696558291512955		0.14013635884556		0.625293791294098	0.0597669511981795	0.0852701324045443	0.700913080732994	-0.00225772225556084	100.52121337645
225	0.0629335275042673		0.125853460762678		0.625641524791718	0.0530446495511513	0.0763815780293188	0.694469149757423	-0.00236045516438138	100.544994609204
224	0.0573881002040381		0.11404140369623		0.625679969787598	0.0474992222509221	0.0689957040863163	0.688437387224844	-0.00234640573121511	100.541742029694
223	0.0515488916244651		0.101509465193448		0.625520944595337	0.0416600136713491	0.0611391778668222	0.681396366861458	-0.00244784942475102	100.565229587968
222	0.0460473398276006		0.08954407675249		0.62475597858429	0.0361584618744846	0.053588961193999	0.674737129976942	-0.00266060413698348	100.61450713802
221	0.0414881233464897		0.0796130913414277		0.623277485370636	0.0315992453933737	0.0472723826005413	0.668450449396471	-0.00272623022887476	100.629712110855
220	0.0378943611538184		0.0717322617525566		0.621200323104858	0.0280054832007024	0.0422192666690759	0.663334193372321	-0.00259723141035659	100.59982643004
219	0.0347116507096878		0.0646620980540009		0.618524014949799	0.0248227727565718	0.0376643079903658	0.659052935817146	-0.00288318716450354	100.66608693571
218	0.0324597450866669		0.0596180892469463		0.6152663230896	0.0225708671335509	0.0343625258416829	0.656845402970106	-0.00306755014356878	100.708829913768
217	0.0302266535504849		0.0546309802733436		0.611503660678864	0.0203377755973689	0.0311027463536522	0.653890025212541	-0.0032025150061579	100.74013186712
216	0.0281842612094027		0.05002359160462		0.607404947280884	0.0182953832562867	0.028095723924177	0.651180347075633	-0.00309423194050186	100.715017363083
215	0.0266676522143031		0.046542039685243		0.602963209152222	0.0167787742611871	0.0257910220872261	0.650566472489564	-0.00354233744513577	100.818988853982
214	0.0251826094574807		0.0431554018203574		0.598491311073303	0.0152937315043647	0.0235728687190355	0.64878533396382	-0.00344961204943247	100.797465479616
213	0.0238953867911154		0.0401792463604478		0.594147801399231	0.0140065088379994	0.0216335140166846	0.647444923982163	-0.00384724319170044	100.889795838207
212	0.0227803521199727		0.0376080168174992		0.590187430381775	0.0128914741668567	0.0199718056012256	0.64548365952779	-0.00397938031707179	100.920496932583
211	0.0219046334345071		0.035606397486508		0.586437284946442	0.0120157554813911	0.0186710773445237	0.643549124652702	-0.00353023602742744	100.816179617968
210	0.0210321049803519		0.0335477461428053		0.583247244358063	0.0111432270272359	0.0173688096353475	0.641565384225194	-0.00402544656190016	100.931202283645
209	0.0202149018433585		0.0316457150148464		0.579938590526581	0.0103260238902425	0.0161672183366057	0.638701332242321	-0.00388915938852849	100.899533748315
208	0.0193309771719027		0.0295025417102692		0.577307462692261	0.00944209921878674	0.0148565992173007	0.635549164427301	-0.0056976871290692	101.320584648742
207	0.0184255929210649		0.0273466758588982		0.575665593147278	0.0085367149679489	0.0135732890717951	0.628934882532483	-0.00472864328725988	101.094759466182
206	0.0179044025659392		0.0252679510537431		0.574895739555359	0.00801552461282323	0.0123600871010095	0.648500657585863	-0.0074202917050311	101.723265111807
205	0.01721634424006		0.0236306521901988		0.574898242950439	0.00732746628694403	0.0114188606834215	0.641698545073105	-0.00628051965177787	101.456650330667
204	0.0165740979486047		0.0220838927817065		0.567570567131042	0.00668521999548872	0.0103954203173015	0.643092803507158	-0.00726873970266407	101.687773813592
203	0.0160002920941928		0.0206821445592345		0.570808053016663	0.00611141414107682	0.00965458778177786	0.633006222452247	-0.00761269875884487	101.7683419221
202	0.0153819043021691		0.019165318221759		0.576338827610016	0.00549302634905315	0.00887392881247327	0.619007258806505	-0.00913404335104476	102.125464145577
201	0.0147495677835472		0.0175825210822401		0.582763433456421	0.00486068983043116	0.00805045261779445	0.603778453361399	-0.0101813227672408	102.372031766481
200	0.0141455469996753		0.0160594940974353		0.590864896774292	0.0042566690465593	0.00726246525401006	0.586119024006199	-0.0104077442167603	102.425417817046
