Wavelength	I	I dark	R	R dark	XCorrect	Ic	Rc	Ic/Rc	Abs	Percent T
nm	uA	uA	uA	uA		uA	uA	uA/uA	OD	T*100
	Abs Detector Raw	Dark Offset for Abs Detector	Ref Detector Raw	Dark Offset for Ref Detector	Linear interp	Dark subtracted Abs Detector	Corrected Ref Detector	Corrected Intensity 	-Log(T)	% Transmittance
800	0.167938208099704	0.00989786894657983	0.182602090296664	0.0037656749050352	1.26322114467621	0.158040339153124	0.225909941360804	0.699572308332886	0.00111044737100295	99.7446366520386
799	0.17255795486164		0.187996131717982		1.25946629047394	0.16266008591506	0.232032050034521	0.70102421579631	0.00127244060365517	99.7074385210605
798	0.174986260859322		0.190817686653607		1.25578379631042	0.165088391912742	0.234896885421123	0.702812179126052	0.00125691458197759	99.7110031243154
797	0.174503138226365		0.190356901171134		1.25213968753815	0.164605269279785	0.233638279754193	0.704530393961828	0.0012663715161561	99.7088319014099
796	0.172564279248211		0.188187944995414		1.24854493141174	0.162666410301632	0.230259490560789	0.706448233275696	0.00114478473033428	99.736750684845
795	0.170585303769364		0.186107380695561		1.24499154090881	0.160687434822784	0.227013881264088	0.707830877689168	0.00125178440965531	99.7121809832822
794	0.171994046096193		0.187888983738674		1.24150061607361	0.162096177149613	0.228589201350473	0.709115637099091	0.00120331868224465	99.7233091307635
793	0.176753304538174		0.193535663022141		1.23799812793732	0.166855435591595	0.234934890027664	0.710219906340635	0.00122677412605788	99.7179234042374
792	0.184332557132401		0.202463382484148		1.23457276821136	0.174434688185821	0.245306778883198	0.711087924190134	0.00120828010636771	99.7221698880928
791	0.191528192708507		0.210812938229288		1.23109483718872	0.181630323761927	0.254894816932542	0.712569702074389	0.00122151473808172	99.7191310143841
790	0.195918063143847		0.215917210860565		1.22767388820648	0.186020194197267	0.260452901035503	0.714218169418318	0.00125232296178442	99.7120573340619
789	0.19691753785604		0.217098196878795		1.22422575950623	0.18701966890946	0.261167168740705	0.716091803618466	0.00125665948432368	99.7110616929859
788	0.192090397639427		0.211615396989204		1.22079539299011	0.182192528692847	0.253741983154629	0.718022797913659	0.00116341050861106	99.7324733227167
787	0.185391448806026		0.204097963662004		1.21735346317291	0.175493579859446	0.243875205503652	0.719604026563572	0.00122502317504317	99.7183254391663
786	0.180565097087335		0.198744421355515		1.21391463279724	0.170667228140756	0.2366875534007	0.721065496214854	0.00114997565231704	99.7355585845095
785	0.177177888353006		0.195100153715658		1.21042191982269	0.167280019406426	0.231595447170228	0.722294075511216	0.00114213564096282	99.7373590563142
784	0.176918724116066		0.195062083418568		1.20695853233337	0.167020855169486	0.23088683246014	0.723388395041196	0.00122936038977664	99.7173295765692
783	0.179067595147823		0.1976769828527		1.20348119735718	0.169169726201244	0.233368613069952	0.724903507698935	0.00112636962750356	99.7409798462466
782	0.181003699151623		0.200100631105039		1.20004236698151	0.171105830205043	0.235610265559463	0.72622400301085	0.00130740368704138	99.6994118495
781	0.183688084059109		0.203262844227169		1.1966587305069	0.17379021511253	0.238730029380745	0.727978024228179	0.00121406964051471	99.7208405111756
780	0.186159280033122		0.206272652755487		1.19330596923828	0.176261411086542	0.241652785481349	0.729399459374931	0.00121490750367223	99.7206481248083
779	0.189630701261011		0.210425483625734		1.19010949134827	0.179732832314431	0.245947799838721	0.730776337223956	0.00124139318125479	99.71456679403
778	0.193870781505299		0.21547247991294		1.18701219558716	0.183972912558719	0.251298559433176	0.73208900589675	0.00125800511816203	99.7107527450799
777	0.198840520827177		0.221334821198109		1.1839507818222	0.188942651880597	0.257591160854075	0.733498196343906	0.00121462572959285	99.7207128244628
776	0.205101254788061		0.228738018457041		1.1809515953064	0.195203385841481	0.26568144801756	0.734727197920795	0.00123180923519075	99.7167673045465
775	0.212915395839601		0.23792072468103		1.17803692817688	0.203017526893021	0.275843295555217	0.735988621671546	0.00119522159535561	99.725168412564
774	0.222056691236118		0.248647570570174		1.17517721652985	0.212158822289539	0.28777962452631	0.737226697820443	0.00126416837364508	99.7093377179299
773	0.231952239444869		0.260251226529667		1.17244553565979	0.222054370498289	0.300715339963539	0.738420496025286	0.00129867838824785	99.7014149048755
772	0.244352592636286		0.274685620545477		1.1697244644165	0.234454723689706	0.316901688314014	0.739834252499747	0.0010540701288404	99.7575856826543
771	0.259219890130895		0.292104742790327		1.16703009605408	0.249322021184316	0.336500370090315	0.74092643974626	0.00111176113271908	99.7443349201671
770	0.282587498680101		0.319497389470422		1.16448152065277	0.272689629733521	0.367663747095408	0.741682126366293	0.00126477978386996	99.7091973448231
769	0.318925529731496		0.361857005390028		1.16197168827057	0.309027660784916	0.416091987838702	0.742690726610941	0.00112774195124587	99.7406646760012
768	0.365514895695236		0.416513398604249		1.15950226783752	0.355617026748656	0.478581921674015	0.743064062062262	0.00124370633229782	99.7140356930155
767	0.422093723899334		0.48269534414058		1.15713560581207	0.412195854952754	0.554186572952248	0.743785351487163	0.00104625206614458	99.7593815103971
766	0.473641032042971		0.542782914090912		1.15489220619202	0.463743163096391	0.622506808538907	0.744960788758034	0.00127283950508403	99.7073469393732
765	0.505373877985508		0.579170651982623		1.15279674530029	0.495476009038929	0.663324984804633	0.74695815835259	0.00117509301513353	99.7297905587216
764	0.502693641179812		0.575663230121638		1.1508207321167	0.492795772233232	0.658151563190121	0.748757276887113	0.00120293007773206	99.7233983627176
763	0.477645803450308		0.546306548415211		1.14889180660248	0.467747934503728	0.623320764322793	0.750412887354897	0.00119639769019453	99.7248983513452
762	0.44407239507616		0.507073209643757		1.14707088470459	0.43417452612958	0.577329419151232	0.752039497255982	0.00109054381544405	99.7492080166147
761	0.402461103738524		0.458935334469896		1.14529764652252	0.392563234791945	0.521304739868092	0.753039834035034	0.00114104140274002	99.7376103525488
760	0.374020700104608		0.42642393018086		1.14352190494537	0.364122831158028	0.483318973213899	0.753379965070978	0.00105553742243525	99.7572486454011
759	0.362976252822079		0.414262512077599		1.14178252220154	0.3530783838755	0.468698114102644	0.753317270225193	0.00121326640913027	99.7210249458995
758	0.364927798529613		0.416728738264033		1.14000296592712	0.355029929583034	0.470779117047609	0.754132706245613	0.00128741227466402	99.7040013112907
757	0.369073828176133		0.421640614159934		1.13824582099915	0.359175959229553	0.47564440330716	0.755135468287231	0.00117117008116979	99.7306914109449
756	0.376542749044726		0.430578535266798		1.13651084899902	0.366644880098146	0.485077446293448	0.755848128787962	0.00124717604712644	99.7132390494922
755	0.387633023048263		0.443700648251474		1.13479709625244	0.377735154101683	0.499236930293434	0.75662502347265	0.00127689959361196	99.7064148097237
754	0.400897547836569		0.459203895259838		1.13314974308014	0.390999678889989	0.516079702383921	0.757634289982437	0.00113411271629434	99.7392015681185
753	0.415746305711807		0.476689210131377		1.13162350654602	0.405848436765227	0.535171389260973	0.758352267907426	0.00114038438349684	99.7377612399801
752	0.429742597770138		0.493072964033196		1.13012480735779	0.419844728823558	0.552978305864724	0.759242676196895	0.00109977578353658	99.7470876311244
751	0.441373109198274		0.50665933025088		1.12870526313782	0.431475240251694	0.56761871558747	0.760149777311569	0.00116166316698811	99.7328745874337
750	0.451931942469071		0.518969062257357		1.12733149528503	0.442034073522492	0.580805005039807	0.761071391752548	0.00112511323088319	99.7412683933419
749	0.463825750404945		0.532831745307433		1.12599456310272	0.453927881458365	0.595725518795222	0.761974881278169	0.0010393568481143	99.7609653853376
748	0.47780504112057		0.549228585146699		1.12473857402802	0.467907172173991	0.613503175850381	0.762680929117313	0.00107842639708371	99.7519911966859
747	0.500534253981409		0.575922287737791		1.12356340885162	0.490636385034829	0.642854234311369	0.763215607594781	0.001083026754251	99.7509345579849
746	0.525907306858539		0.605722321188051		1.1224285364151	0.516009437911959	0.675653317472788	0.76371923968647	0.00109477301430139	99.7482366545549
745	0.553788185958558		0.638581842541126		1.12132000923157	0.543890317011978	0.71183207095405	0.764071104977072	0.00110392446951118	99.7461347814241
744	0.584990599774309		0.675099046679879		1.12025701999664	0.57509273082773	0.752065922488785	0.764683937446063	9.62304839798309E-4	99.7786664268775
743	0.613371266775164		0.708415184242067		1.11920189857483	0.603473397828584	0.788645068679827	0.765202778531011	0.00109333419884369	99.748567120514
742	0.642443942745421		0.742148030176613		1.11819970607758	0.632546073798841	0.825658932637546	0.766110616375443	9.89032729199303E-4	99.7725259134479
741	0.667740579607231		0.771542514006912		1.1171909570694	0.657842710660651	0.857753341691942	0.76693692543714	0.00102111591943926	99.765155562616
740	0.694888263214574		0.802918672023629		1.11617469787598	0.684990394267995	0.891994355115527	0.767931310707989	0.001027823066934	99.763614823615
739	0.728051759480985		0.841449787592322		1.11507248878479	0.718153890534406	0.934078508349692	0.768836756348482	0.00109555856433601	99.7480562305266
738	0.768011569196802		0.887712891655511		1.11387884616852	0.758113700250222	0.984610105867893	0.769963354765668	9.39080472742712E-4	99.7840023416336
737	0.81178675823087		0.938798592440152		1.11252617835999	0.80188888928429	1.04024859838613	0.770862744278975	0.00106049917698716	99.7561089391057
736	0.870447578003797		1.00738581293025		1.11103796958923	0.860549709057217	1.1150600803904	0.771751876146372	0.00107058141159863	99.7537931076556
735	0.933580907524478		1.08109177424462		1.10932576656342	0.923683038577898	1.19510560098866	0.772888218257677	0.00104362549323697	99.7599848477455
734	1.00240826778412		1.16140255120643		1.1074481010437	0.992510398837545	1.28202276035814	0.77417533411051	0.0011424002068891	99.7372982977739
733	1.05529376104204		1.22266756408419		1.1053968667984	1.04539589209546	1.34737032923329	0.775878664843643	0.00104018946861445	99.760774125838
732	1.08732655052586		1.25966842300616		1.10324323177338	1.07742868157928	1.38556620660815	0.777608948919744	0.00110660937909485	99.7455181295058
731	1.10537389389857		1.28061348212657		1.10097706317902	1.09547602495199	1.40578014892134	0.779265538635298	0.00107514391032723	99.7527451455411
730	1.11256494916769		1.28906723880666		1.09864163398743	1.10266708022111	1.41208581033148	0.780878238527351	0.00107850708157135	99.7519726644736
729	1.11756470958472		1.29533648774401		1.09623396396637	1.10766684063814	1.41586379190174	0.782325847283916	0.00109428462934351	99.7483488262904
728	1.12088274698602		1.29969146056597		1.09382593631744	1.11098487803944	1.41751723589849	0.783754052440318	0.00106502822819492	99.7550686353747
727	1.12338617410004		1.30351614011611		1.09146678447723	1.11348830515346	1.41863446088672	0.784901492141581	0.0011518297569788	99.7351327910052
726	1.13285564122529		1.31544334038584		1.08920443058014	1.12295777227871	1.4286851247347	0.786007884338567	0.00116770397752422	99.7314873646282
725	1.13729252475248		1.32173782125668		1.08703660964966	1.1273946558059	1.43268397358278	0.786910914475138	0.00119064275189307	99.7262198381787
724	1.14915587919726		1.33624531784178		1.08495438098907	1.13925801025068	1.44567962618298	0.788043207926129	0.00111111158075775	99.7444841027599
723	1.15955336450728		1.34958920359168		1.08299386501312	1.1496554955607	1.45751862495795	0.788775852242619	0.00120574962536838	99.7227509357501
722	1.18057650742865		1.37558491881984		1.08117377758026	1.17067863848207	1.48317499410067	0.789305808915632	0.00124206877491501	99.7144116769848
721	1.19951174600044		1.39894030660493		1.07950687408447	1.18961387705386	1.50610060546831	0.78986348769441	0.00122725916220434	99.7178120356331
720	1.21846961488221		1.42238453563723		1.07795476913452	1.20857174593563	1.52920696651045	0.790325817501022	0.00122457736196234	99.718427802329
719	1.22748509488769		1.43413144721139		1.07653081417084	1.21758722594111	1.53983282942306	0.790726891046554	0.00121779933005594	99.7199841195005
718	1.23147539943718		1.44001031223917		1.07519900798798	1.2215775304906	1.54424880928971	0.791049682630141	0.0012548112368327	99.7114860389526
717	1.22394766356638		1.43227191505329		1.07402753829956	1.2140497946198	1.53425504055199	0.791295946587217	0.00123509900553522	99.7160119552728
716	1.1960626737486		1.40053569539251		1.07296395301819	1.18616480480202	1.49868388263953	0.791470982334786	0.00125948737044617	99.7104124316636
715	1.163277474905		1.36286663121197		1.07196414470673	1.15337960595842	1.45690749419766	0.791662895929849	0.00131644806284901	99.6973355865106
714	1.10336960160922		1.29286390627196		1.07102370262146	1.09347173266264	1.38065476080138	0.791995047355612	0.00121360322371913	99.7209476078618
713	1.03440095869633		1.21229590274868		1.07008218765259	1.02450308974975	1.29322667005521	0.792206898815359	0.0012660472670015	99.7089063451753
712	0.958467415603747		1.12337234811132		1.06905663013458	0.948569546657167	1.19692293713411	0.792506783208958	0.00121244978652959	99.7212124558096
711	0.884891933720006		1.03715247083133		1.06793642044067	0.874994064773426	1.10359139577218	0.792860535271926	0.00120758220838349	99.7223301387066
710	0.808237124455991		0.947438632994007		1.06664419174194	0.798339255509411	1.00656327964954	0.793133697254853	0.00118028373036473	99.7285985890539
709	0.72673130965716		0.85227375758081		1.06514143943787	0.71683344071058	0.903781120555939	0.793149385848686	0.00113791368502221	99.7383286490672
708	0.647182205665941		0.759903414932326		1.06344926357269	0.637284336719361	0.804114122791542	0.792529715193884	0.00108756638292989	99.7498918787536
707	0.583685828356183		0.686461712955276		1.06151580810547	0.573787959409603	0.724692636521304	0.791767337617671	0.00103781504997875	99.7613195495047
706	0.530067427996701		0.624990384465552		1.0593421459198	0.520169559050121	0.658089516924242	0.790423712386839	0.00114968639006948	99.7356250134941
705	0.489451325558897		0.57844179608954		1.05691242218018	0.479553456612318	0.607382331210223	0.789541334955853	0.00111714717168777	99.7430979172442
704	0.456029130257876		0.540561202368833		1.05424511432648	0.446131261311296	0.565914062221013	0.78833747223101	0.00111250830243488	99.7441633179816
703	0.426507232487656		0.507365162157239		1.0513402223587	0.416609363541076	0.529454396907461	0.78686543350001	0.00112732953886123	99.7407593912384
702	0.398714880303787		0.476375912097961		1.04815697669983	0.388817011357207	0.495369717373526	0.784902665061428	0.00114877950246975	99.7358332802343
701	0.378505780042741		0.454218526932591		1.04489290714264	0.368607911096161	0.470674990085766	0.78314743477021	0.00105420578715653	99.7575545218992
700	0.361437512288677		0.435778475736743		1.04165291786194	0.351539643342097	0.450007394540056	0.781186370729305	0.00129004729477819	99.7033963732525
699	0.342692987217092		0.415384246692257		1.03863656520844	0.332795118270512	0.427522099577082	0.778427872149121	0.00119875501962295	99.7243570508927
698	0.337741758904357		0.410832975653314		1.03591132164001	0.327843889957777	0.421685625514583	0.777460435265511	0.0013198987825403	99.6965434369285
697	0.336330914488608		0.410315472298449		1.0335921049118	0.326433045542028	0.420206660839326	0.776839293527634	0.00132490506726886	99.6953942019578
696	0.341465757912914		0.417787328958046		1.03182005882263	0.331567888966334	0.427195847438821	0.776149606683193	0.00121467885630027	99.720700625752
695	0.351426223876532		0.430944579882034		1.03069472312927	0.341528354929952	0.440291043191934	0.77568771886434	0.00127395561959593	99.7070906969421
694	0.365494050663581		0.449079993933104		1.03009569644928	0.355596181717001	0.458716363598055	0.775198379512331	0.00134385045073035	99.6910452489901
693	0.381869502258304		0.469895150405106		1.02995276451111	0.371971633311725	0.480091341911411	0.77479346290807	0.00133073062205531	99.694056913298
692	0.398216464168083		0.490544320244471		1.03007698059082	0.388318595221503	0.501419477207336	0.774438594576041	0.00135602802565318	99.6882499609926
691	0.415641869982244		0.512485741665587		1.03042733669281	0.405744001035664	0.524199063514264	0.774026566006299	0.00129963772227796	99.7011946698541
690	0.431198418992348		0.532055751963366		1.03089714050293	0.421300550045768	0.544612729795505	0.77357822723674	0.00138180378242218	99.6823335518737
689	0.44213686804532		0.545758623612713		1.03128290176392	0.43223899909874	0.558948060878835	0.773307985752969	0.00133704237216078	99.6926080360316
688	0.452045515161489		0.558270592556858		1.03155958652496	0.442147646214909	0.572004863578974	0.77297882302685	0.0013128252973514	99.6981672378188
687	0.459127778316783		0.567260564444764		1.03166389465332	0.449229909370203	0.5813373323598	0.77275255581241	0.00134241870142455	99.691373903454
686	0.465283153963574		0.575173415365295		1.03159546852112	0.455385285016994	0.589461635736695	0.772544398835837	0.0013130693914619	99.6981112027328
685	0.467425909081965		0.578235355355501		1.0313640832901	0.457528040135385	0.592487395355752	0.772215651711322	0.00136183116823411	99.6869179126079
684	0.471153272653497		0.58309814830482		1.03098654747009	0.461255403706917	0.597283986587754	0.77225476333635	0.00141295132532223	99.6751846044368
683	0.469044900164363		0.580647217528481		1.03047323226929	0.459147031217783	0.594460987863675	0.772375379699563	0.00140212061296061	99.6776703986627
682	0.465712536286077		0.576623838027956		1.02990901470184	0.455814667339497	0.589991786345835	0.772577988182894	0.00132140943957198	99.6961966514437
681	0.462507067548886		0.572920653533476		1.02931475639343	0.452609198602306	0.585839618177043	0.772582093390491	0.00130952752110536	99.6989242897954
680	0.459306481624175		0.569350569929577		1.02871644496918	0.449408612677595	0.581826482537912	0.772410033172237	0.00139213072436489	99.6799632674809
679	0.459647530817148		0.570203508768942		1.02808725833893	0.449749661870568	0.582347519636586	0.772304589107264	0.00141782779652048	99.6740654089179
678	0.461529118028868		0.573020137786008		1.02740895748138	0.451631249082288	0.584857134250166	0.772207813898544	0.00140006925037594	99.6781412209619
677	0.465482256745982		0.578288530709293		1.02669847011566	0.455584387799402	0.589861737100712	0.772357925839859	0.00135247540026092	99.6890654363703
676	0.470823379161163		0.585535332438148		1.0259222984314	0.460925510214583	0.596850464214018	0.77226296677438	0.00139451140238099	99.6794168519572
675	0.476067904286691		0.592421828382311		1.0251362323761	0.466170035340112	0.603452751340701	0.772504614991669	0.00138286665844683	99.6820895933682
674	0.480946570954209		0.598922934618541		1.02431344985962	0.471048702007629	0.609627585906138	0.772682721218187	0.00128578540967336	99.7043748026882
673	0.484965005081218		0.604533043543878		1.02344214916229	0.475067136134639	0.614850646906312	0.772654527607624	0.00148305522909211	99.6590963143485
672	0.488955468322109		0.609922496647343		1.02255475521088	0.479057599375529	0.619828540476108	0.772887287519144	0.00142565862606907	99.6722681869584
671	0.492518548141856		0.614741458725255		1.02164971828461	0.482620679195276	0.624203237418644	0.77317875054786	0.00137917389039658	99.6829371850737
670	0.496340142364867		0.619918385889628		1.02074801921844	0.486442273418287	0.628936659273598	0.773436030871715	0.00136815168809563	99.6854671261347
669	0.499177144917008		0.623870747934382		1.0197958946228	0.489279275970428	0.632380607710101	0.773710120147653	0.00134887126182768	99.6898927429513
668	0.501605478952715		0.627285774776205		1.01878011226654	0.491707610006135	0.635229877347194	0.774062473351493	0.0013795776777378	99.6828445044362
667	0.504236675536439		0.631107054668162		1.01773703098297	0.494338806589859	0.638468553252885	0.77425709390273	0.00141126242700948	99.6755722252458
666	0.507090018725721		0.635016783656446		1.01666116714478	0.497192149779142	0.641768488984643	0.77472197266301	0.00152702735212954	99.6490063860026
665	0.507984658309549		0.636505251057725		1.01556634902954	0.498086789362969	0.642589021239886	0.775124959965706	0.00152525156783471	99.6494138411044
664	0.509663836159285		0.638800056956758		1.01445806026459	0.499765967212705	0.644215747417512	0.775774217280674	0.00135328227953473	99.6888802234114
663	0.510928745517023		0.640701971927186		1.01329731941223	0.501030876570443	0.645405842408898	0.776303596354825	0.00139924989430931	99.678329277615
662	0.512952010584622		0.643783936026199		1.01216089725494	0.503054141638042	0.647801457435946	0.776556051030163	0.00144056537574229	99.6688470887998
661	0.516676058421304		0.64888572586177		1.01106476783752	0.506778189474724	0.652258154547903	0.776959530427006	0.00152991217666286	99.6483444642984
660	0.519773720762442		0.653143010390658		1.00999879837036	0.509875851815862	0.655870328529426	0.777403443389628	0.00141149531822545	99.6755187740509
659	0.523417327315266		0.658081586115553		1.00900542736053	0.513519458368686	0.660208305619766	0.777814295878364	0.00140249887256607	99.6775835819486
658	0.527867092312134		0.66413643991216		1.00805485248566	0.517969223365554	0.665689954105097	0.778093796025317	0.00147403563997981	99.6611660929705
657	0.532710108345028		0.670511362066863		1.00716114044189	0.522812239398448	0.671520346666621	0.778550109454838	0.00138164504746645	99.6823699858474
656	0.539656900919809		0.679754933502095		1.00634658336639	0.529759031973229	0.680279480781533	0.778737338019692	0.00147298513176748	99.6614071621169
655	0.547106504161527		0.689645891104174		1.00559914112091	0.537208635214947	0.689720556321679	0.778878678170639	0.00140407714726578	99.6772213431245
654	0.557770826018328		0.703683809138902		1.00487756729126	0.547872957071748	0.703332032031965	0.778967730914961	0.00133041110253971	99.6941302603237
653	0.569841530620975		0.71964407366253		1.00422203540802	0.559943661674395	0.718900862704886	0.778888565479794	0.00148536914948846	99.6585653322363
652	0.581590181697076		0.735056588859734		1.00357329845428	0.571692312750497	0.733904034647165	0.778974206110402	0.00136697735313203	99.6857366766184
651	0.591060034869686		0.747586047427833		1.00296664237976	0.581162165923106	0.746027021562853	0.779009538696908	0.00143069212059411	99.6711129871349
650	0.596616689205393		0.755014161716999		1.00240564346313	0.586718820258813	0.753055722823453	0.779117404564714	0.00148746118087603	99.658085270082
649	0.602306665684122		0.762651359562459		1.001877784729	0.592408796737542	0.760310708607133	0.779166714385514	0.00148399877463102	99.6588797958397
648	0.605212494529932		0.766660015857476		1.00140357017517	0.595314625583352	0.763965116696208	0.779243204398926	0.0014860328573494	99.6584130297654
647	0.605118543114292		0.766949418627316		1.00099229812622	0.595220674167712	0.763941049521138	0.779144771106115	0.00156030183693492	99.6413718374012
646	0.605041663231787		0.767153982530307		1.00062572956085	0.595143794285207	0.763865982255762	0.779120694087851	0.00152752508434228	99.6488921812543
645	0.606964288956526		0.770027682469996		1.00029969215393	0.597066420009946	0.766491650276483	0.778960109734498	0.00153358937594877	99.6475007389344
644	0.609605821843921		0.773751798971229		1.00000286102295	0.599707952897341	0.769988327014165	0.778853304468742	0.0014966648890858	99.6559733062952
643	0.610761784974067		0.775681040906879		0.9997199177742	0.600863916027487	0.771699166228005	0.778624549984231	0.0015418335342267	99.6456091607425
642	0.618814365203121		0.786503477387072		0.999445915222168	0.608916496256541	0.782304099380648	0.778362911224192	0.00156984181171358	99.6391830789126
641	0.624082480416446		0.793677545046394		0.999167442321777	0.614184611469866	0.789254222948754	0.778183497295959	0.00155580124317756	99.6424044262974
640	0.631791035988671		0.804121472006616		0.998895227909088	0.621893167042091	0.799471586354143	0.777880261984208	0.00163984734007332	99.6231231661323
639	0.640552885929247		0.815761449987448		0.998560547828674	0.630655016982667	0.810826946000864	0.777792376157656	0.00155572583932245	99.6424217265911
638	0.648875409394526		0.827081351980791		0.998183071613312	0.638977540447947	0.821819771450871	0.777515414748263	0.00156108466604114	99.6411922309383
637	0.655967354251442		0.836576740736794		0.997746467590332	0.646069485304863	0.830934299103777	0.777521743899241	0.00164575764996067	99.621767405127
636	0.665567511378609		0.849429185143446		0.997253656387329	0.65566964243203	0.843341027658599	0.777466790928447	0.00166424040353946	99.6175277809215
635	0.674376073049955		0.861403887549211		0.996708512306213	0.664478204103375	0.854815307021536	0.777335406426729	0.00171537175726779	99.6058000721201
634	0.684034875806771		0.874323173081084		0.996089160442352	0.674137006860191	0.867152887474975	0.777414244474445	0.00168999933132753	99.6116194290674
633	0.69541854427935		0.889553396103723		0.995416641235352	0.68552067533277	0.881727838283114	0.77747423362248	0.00173052411929688	99.6023249259295
632	0.703668117000293		0.900822469545022		0.994728446006775	0.693770248053713	0.892327911312053	0.777483522882987	0.00182056845410849	99.5816760441735
631	0.711067839260764		0.910743885215828		0.994035542011261	0.701169970314184	0.901568576878692	0.777722281250856	0.00179268443195277	99.5880699241775
630	0.719034472834888		0.92170860990346		0.993336021900177	0.709136603888308	0.911825783382708	0.777710629389685	0.00188563096653452	99.5667586344186
629	0.72827968153818		0.933922968375162		0.992607176303864	0.7183818125916	0.923280804589826	0.778075108916346	0.0017720585019099	99.5927997686202
628	0.736287030138997		0.944870394173703		0.991834938526154	0.726389161192417	0.933420541382512	0.778201388322293	0.00181960295672901	99.5818974284142
627	0.746924569769343		0.95933935010954		0.991048812866211	0.737026700822763	0.947020156417627	0.778258726414838	0.00194683938700894	99.5527269235814
626	0.757040660121988		0.972967362140046		0.99024510383606	0.747142791175408	0.959747225414118	0.778478719595179	0.0018305606618987	99.5793849044197
625	0.768372196941943		0.988243915423731		0.989454746246338	0.758474327995363	0.974096667657467	0.778643797046716	0.00184391741339149	99.5763223818674
624	0.774124070698257		0.996139441515229		0.988670885562897	0.764226201751677	0.981131050643887	0.778923673091518	0.00187393834740346	99.5694393312901
623	0.78223343651058		1.0070045034225		0.987914323806763	0.772335567564	0.991114008891518	0.779260065577921	0.00184295207557947	99.57654371762
622	0.787488537502765		1.01423474326177		0.987213253974915	0.777590668556185	0.997548457013454	0.779501650360127	0.00184960464802416	99.57501840444
621	0.795794393792819		1.02552094927136		0.986586511135101	0.785896524846239	1.00804997137096	0.779620601325358	0.00184244898670011	99.5766590676484
620	0.801943150176941		1.03408317610482		0.986040651798248	0.792045281230361	1.01593494044218	0.779622050291554	0.00188905021824102	99.565974736664
619	0.80546968367115		1.03908300976404		0.985671520233154	0.795571814724571	1.02048281137422	0.779603346432877	0.0018461498005925	99.5758105348476
618	0.809478852661478		1.04472486765166		0.985484898090363	0.799580983714898	1.02584956398013	0.779432981004206	0.00186509013345996	99.5714679563659
617	0.810917132379852		1.04701439706145		0.9854616522789	0.801019263433272	1.02808160947412	0.779139764831519	0.00186699996284461	99.5710300873503
616	0.815060189614274		1.05299348944479		0.985575616359711	0.805162320667694	1.03409335001677	0.778616670008212	0.0019410068647364	99.5540639136199
615	0.818076258632984		1.05734339634879		0.985840737819672	0.808178389686404	1.03865983825848	0.778097274889797	0.00195178183269776	99.5515939799988
614	0.819516013876255		1.05951216007304		0.986221313476563	0.809618144929675	1.04119968530065	0.777582010789691	0.00191401003488498	99.5602526352674
613	0.823646751164436		1.06536906159993		0.986693203449249	0.813748882217857	1.04747684641056	0.776865746490122	0.0018555199190568	99.5736621606119
612	0.826249957025616		1.06931366455048		0.987153947353363	0.816352088079037	1.05185990407294	0.776103438222159	0.00190451225150117	99.5624299874847
611	0.830229438516063		1.07485388974806		0.98754894733429	0.820331569569483	1.0577520390704	0.775542413787668	0.00189762307168536	99.5640093511468
610	0.831447002903288		1.07681467160058		0.98789769411087	0.821549133956708	1.06006262950351	0.775000562317234	0.00187967761607605	99.5681235144612
609	0.83797567261597		1.08576679253649		0.98806357383728	0.82807780366939	1.06908589118287	0.774566206980041	0.00189719203530517	99.5641081682703
608	0.841368378901241		1.09070395529752		0.988040208816528	0.831470509954662	1.07393872552967	0.774225279514505	0.00191333654284216	99.5604070307127
607	0.847115069246931		1.09867522143999		0.98785537481308	0.837217200300351	1.08161228047871	0.774045575675057	0.00181722819761994	99.582441952175
606	0.853824036810455		1.10789835830499		0.987536489963531	0.843926167863876	1.09037131461881	0.773980529888492	0.00178866645605514	99.5889912905138
605	0.860023055645549		1.116640962335		0.987073302268982	0.850125186698969	1.09848948497704	0.773903800013835	0.00186720895767473	99.5709821709563
604	0.86813808399447		1.12752926185204		0.986512660980225	0.858240215047891	1.10860700647177	0.774160915489168	0.00179327385437232	99.5879347638111
603	0.875268571026525		1.13739335025256		0.98584908246994	0.865370702079945	1.11758580360389	0.774321487700877	0.00183739987835032	99.5778167527775
602	0.882967176342443		1.14789901122133		0.985228002071381	0.873069307395863	1.12723220104216	0.774524810938404	0.00183783900194426	99.577716067762
601	0.891117869058898		1.15913396448454		0.984650254249573	0.881220000112318	1.13763368008635	0.774607868541153	0.00185368257263857	99.5740834224657
600	0.902678624933113		1.17479048297667		0.984116673469543	0.892780755986534	1.15242503866977	0.774697464936256	0.00193570263712379	99.5552798181765
599	0.914448275154639		1.19058787823825		0.983676254749298	0.904550406208059	1.16744882002813	0.774809474034387	0.001899867127976	99.5634948922402
598	0.924332640959869		1.20400802283795		0.983342826366425	0.91443477201329	1.18024970274102	0.774780768755627	0.00185452088496221	99.5738912162458
597	0.93627077872955		1.2202046246409		0.983100771903992	0.92637290978297	1.19588207045941	0.774635670745604	0.00191641419771431	99.5597014921926
596	0.947528679685542		1.23553481256793		0.982921838760376	0.937630810738962	1.21073278571989	0.774432493939158	0.00198685221409261	99.54355526076
595	0.959357505016694		1.25135030170151		0.982812881469727	0.949459636070114	1.22614224193918	0.774347056642073	0.00191948063860831	99.558998529399
594	0.970929805690668		1.26729100445764		0.982775807380676	0.961031936744089	1.241762125897	0.773925953048278	0.00206804830112757	99.5249462477506
593	0.985758887357489		1.2868980569916		0.982796370983124	0.975861018410909	1.26105784860561	0.773843182126777	0.00188662333840946	99.5665311225754
592	0.996189807725965		1.30133868345978		0.982810854911804	0.986291938779385	1.27526883784817	0.77339923121121	0.00196956028051702	99.5475187806421
591	1.00824793908647		1.31753735435452		0.982813537120819	0.998350070139894	1.29119259124891	0.773199967925961	0.00195629572813946	99.5505592831059
590	1.01990598652524		1.33351670762319		0.982779562473297	1.01000811757866	1.30685213813316	0.772855695076153	0.00203040708231691	99.5335726586006
589	1.03113963211024		1.3486847693912		0.982710957527161	1.02124176316366	1.32166673113906	0.7726923430111	0.00198647245908031	99.5436423034975
588	1.04203053172492		1.36339089726212		0.982594430446625	1.03213266277834	1.33596017098283	0.772577420492285	0.00195248884898252	99.5514319136043
587	1.05094122962633		1.37589011138454		0.982425510883331	1.04104336067975	1.34801005050388	0.772281601528574	0.00201700805018401	99.5366435567293
586	1.06109560122882		1.38973782861436		0.982219994068146	1.05119773228224	1.36132956059499	0.772184607394259	0.0019829053378388	99.5444599185352
585	1.06985589935056		1.40164213001943		0.981987595558167	1.05995803040398	1.37269733904516	0.772171694556701	0.00199026905847692	99.5427720974596
584	1.07749707516231		1.41218668716724		0.981722772121429	1.06759920621573	1.38267898047212	0.77212369703573	0.00205087109377852	99.5288827344389
583	1.08644256920615		1.42462373545739		0.981434881687164	1.07654470025957	1.39447966255245	0.772004590077039	0.00211922022252542	99.5132201427477
582	1.09261139089781		1.43319449347978		0.981141924858093	1.08271352195123	1.40247254250406	0.772003364870226	0.0020824441141372	99.5216472908677
581	1.10106121233622		1.44493156313503		0.980872988700867	1.09116334338964	1.41360069200189	0.771903515302025	0.00210504014254722	99.5164693860986
580	1.10785287490673		1.45441772490132		0.980610847473145	1.09795500596015	1.42252513613552	0.771835223202382	0.00214079897772562	99.5082757601712
579	1.117730751149		1.46793329033804		0.980334997177124	1.10783288220242	1.43537475514235	0.771807417006267	0.00217779770929461	99.4997987398189
578	1.12361170663087		1.47633162404472		0.980064511299133	1.11371383768429	1.44320962729933	0.771692356132895	0.00218553251828952	99.4980266586228
577	1.13263508000791		1.48871238723988		0.979791462421417	1.12273721106133	1.45493811089643	0.7716735183805	0.002118025308448	99.5134939429367
576	1.13946310732437		1.49832257702081		0.979541301727295	1.12956523837779	1.463980213404	0.771571383298523	0.00222764096106115	99.4883799695001
575	1.14833959654672		1.51051286322698		0.979297995567322	1.13844172760014	1.47555450135038	0.77153485456367	0.0021616705091037	99.5034936588986
574	1.15790712427948		1.52356171876566		0.979087650775909	1.1480092553329	1.48801353824202	0.771504576960495	0.00220889567189958	99.4926742416515
573	1.16519819175523		1.53394224850934		0.978899002075195	1.15530032280865	1.4978883209001	0.771286020919383	0.00222935305438694	99.4879877631455
572	1.17509604785582		1.54747984000798		0.978744149208069	1.16519817890924	1.51090120714413	0.771194154455452	0.00221599430660869	99.4910480262421
571	1.18405165084738		1.56005482317307		0.978596448898315	1.1741537819008	1.52297903395408	0.770958598722377	0.00228669661419359	99.4748523930422
570	1.19478920115848		1.57455937176013		0.978484988212585	1.1848913322119	1.53699805195166	0.770912709165334	0.00220424485502382	99.4937397046157
569	1.1995537290325		1.58163965279873		0.978414237499237	1.18965586008592	1.54381436495075	0.770595148675065	0.0022485243286247	99.4835961130574
568	1.21036523716801		1.59627108279398		0.978417158126831	1.20046736822143	1.55813461548831	0.770451638958817	0.00225711053101846	99.4816292958794
567	1.21586713076175		1.60442344634783		0.978434324264526	1.20596926181517	1.56613850498039	0.770027208947442	0.00237036860473302	99.4556892272198
566	1.22633791013886		1.61839492456349		0.978512525558472	1.21644004119228	1.57993494492387	0.769930461441178	0.00225911241958401	99.4811707344989
565	1.23565543482087		1.63156497303381		0.978631198406219	1.22575756587429	1.59301517789257	0.769457556265011	0.00234751591787065	99.4609227487513
564	1.2490904597916		1.64988551892008		0.978813290596008	1.23919259084502	1.61124398123575	0.769090594147393	0.00239482315033287	99.4500891670886
563	1.25775626938832		1.66193234199206		0.979029059410095	1.24785840044174	1.62339335242338	0.76867285342702	0.00237617237286441	99.4543601430918
562	1.27068408305736		1.6793570260655		0.979272127151489	1.26078621411078	1.64085990668755	0.768369200181124	0.00229970486276186	99.471872907276
561	1.27956061653019		1.69178084193382		0.979509949684143	1.26966274758361	1.65342765132244	0.767897371601422	0.00242922087039347	99.4422126662325
560	1.29469524476562		1.7121418205512		0.979763388633728	1.28479737581904	1.67380440151931	0.767591108407188	0.00231606519156163	99.4681257680364
559	1.30669088528165		1.72867001720146		0.980009019374847	1.29679301633507	1.69042181300934	0.76714167218801	0.00234378560260829	99.4617770589188
558	1.32020506216857		1.7470463797379		0.98027241230011	1.31030719322199	1.70888998184275	0.766759245559534	0.0023511617760244	99.4600877878913
557	1.33565936661121		1.7683300130757		0.980539977550507	1.32576149766463	1.73022587653629	0.766236082608271	0.00245286206512813	99.4367995909435
556	1.34753848338503		1.78460646717326		0.98082560300827	1.33764061443845	1.74669424393821	0.765812688214121	0.00244452180710254	99.4387092088726
555	1.36247794407973		1.80467701000078		0.981100916862488	1.35258007513315	1.76687576205048	0.765520759401592	0.00232146178904767	99.4668897723589
554	1.37261828675162		1.81887242010031		0.98138552904129	1.36272041780504	1.78131949339988	0.765006178203388	0.0025242630204562	99.4204528511645
553	1.38917613428067		1.84132398861411		0.981669664382935	1.37927826533409	1.80387525310286	0.764619539495085	0.0024873454533231	99.4289045294633
552	1.4008233296687		1.8572134218392		0.981943130493164	1.39092546072212	1.81998028283003	0.764253038257788	0.00251975228621568	99.4214854720899
551	1.41735193525451		1.87993539745641		0.982206225395203	1.40745406630793	1.84278558138795	0.763764423014349	0.00258222133496505	99.4071856842186
550	1.43171457252622		1.89954151157485		0.982443392276764	1.42181670357964	1.86249244397421	0.763394615736401	0.00259809022298539	99.4035534651968
549	1.44947365753827		1.92364145044339		0.982618629932404	1.43957578859169	1.88650570419991	0.763091140083369	0.00260307854721802	99.4024117184615
548	1.46117898586064		1.93935587756566		0.982732713222504	1.45128111691406	1.90216781154757	0.762961663058171	0.00254567919466918	99.4155502946507
547	1.47201262229196		1.9541191129803		0.982794582843781	1.46211475334538	1.91679679357111	0.762790692393305	0.0025723303589059	99.4094496901667
546	1.48956382766616		1.978036259186		0.982793211936951	1.47966595871958	1.94029972875813	0.762596591025979	0.00257165686040042	99.40960385323
545	1.50409423227119		1.99781640589651		0.982752025127411	1.49419636332461	1.95965739408867	0.762478363734328	0.00269050469604286	99.3824034159185
544	1.52323179780751		2.02356291916034		0.982672691345215	1.51333392886093	1.984799593984	0.762461829117608	0.00264447546492932	99.3929371395355
543	1.53263786466446		2.03661807047536		0.982572853565216	1.52273999571788	1.99742557919242	0.762351304389292	0.00262874522650153	99.3965372380388
542	1.5495778868746		2.05953704163622		0.98248028755188	1.53968001792802	2.01975484352697	0.762310348140752	0.00264640073005503	99.3924965229967
541	1.55889982287251		2.07219987727898		0.982422113418579	1.54900195392593	2.03207550056348	0.762275788225583	0.00269229687141012	99.3819933017327
540	1.57369753399502		2.09208515857159		0.982404112815857	1.56379966504844	2.05157364962751	0.762243980532877	0.00290029342862733	99.3344077023253
539	1.59130601170786		2.115336452424		0.982460975646973	1.58140814276128	2.07453588622892	0.762294908108801	0.00280692833493814	99.3557650154993
538	1.59960287751944		2.12611703252008		0.982597053050995	1.58970500857286	2.08541618953132	0.762296282417433	0.00269093704687883	99.3823044783413
537	1.61841429407024		2.15146788691097		0.982804477214813	1.60851642512367	2.11077134968359	0.762051477231195	0.00270838237510543	99.3783124356784
536	1.632877984198		2.17151892442851		0.983075141906738	1.62298011525142	2.13106433339408	0.761581942796888	0.00286237682326208	99.3430805916063
535	1.64919560956004		2.19294604836633		0.983403861522675	1.63929774061346	2.15284843283149	0.761455249526049	0.00277677438561001	99.3626637278686
534	1.6640306040076		2.2130436190868		0.98377537727356	1.65413273506102	2.17343324303957	0.761069032305633	0.00277820877099953	99.3623355539597
533	1.68162582793632		2.23667502768378		0.984184384346008	1.67172795898974	2.19759451666499	0.760708104389841	0.00278752448687606	99.3602042320157
532	1.69799683006817		2.25884355786864		0.984593272209167	1.68809896112159	2.22033451187366	0.760290376109618	0.00285845075639232	99.3439786673514
531	1.71780527725464		2.28547691957862		0.984989404678345	1.70790740830806	2.24746140053892	0.759927359775131	0.0028561471228924	99.3445056202226
530	1.73785852729658		2.31234919730328		0.985359311103821	1.72796065835	2.27478426925596	0.759615178328617	0.00288534813414112	99.3378261374706
529	1.75801637786301		2.33931036662914		0.985676109790802	1.74811850891643	2.30209060598117	0.759361297237631	0.00287829950910894	99.3394384093259
528	1.7771949422395		2.36502667512013		0.98594456911087	1.76729707329292	2.32807245941538	0.759124599470895	0.00294484974608872	99.3242170401001
527	1.79674226576979		2.39104593771148		0.986159026622772	1.78684439682321	2.35423798024496	0.75899055737657	0.00291233402718563	99.3316537434419
526	1.8139934848781		2.41446925304757		0.98632550239563	1.80409561593152	2.37773841783838	0.758744360774405	0.00300476167161522	99.3105159803253
525	1.83488492308808		2.4422071679758		0.986455500125885	1.8249870541415	2.40541402257483	0.758699765202159	0.00299311599292932	99.3131790440158
524	1.85872977772913		2.4739915062277		0.986546039581299	1.84883190878255	2.4369915107628	0.758653405486774	0.00303869007530339	99.3027578443029
523	1.87760163739493		2.49899821999496		0.986623227596283	1.86770376844836	2.46185438723991	0.758657286202176	0.00303530189531993	99.3035325650118
522	1.90257429659691		2.53226642054563		0.986712396144867	1.89267642765033	2.49490302938511	0.758617230953779	0.00300693269347542	99.3100195320138
521	1.91944031825803		2.55492318315041		0.986819267272949	1.90954244931145	2.51753138298458	0.758497972346089	0.00307560553768369	99.2943173699705
520	1.93740983570332		2.57863663520409		0.98695296049118	1.92751196675674	2.54127651714992	0.75848179202414	0.00309256818658837	99.2904392139684
519	1.94964953292003		2.59477052185837		0.987108528614044	1.93975166397345	2.55760298210796	0.758425634292434	0.00317065765145934	99.2725876396168
518	1.97283749211693		2.62512057056522		0.987286388874054	1.96293962317035	2.58802800889367	0.758469234654639	0.00301271317519944	99.3086977193809
517	1.99493838161602		2.65515262610928		0.987494111061096	1.98504051266944	2.61822900045843	0.75816153297587	0.00324455344287063	99.2556977119991
516	2.01827096361507		2.68571656641684		0.987728297710419	2.0083730946685	2.6490387886159	0.758151637227575	0.00317589625500083	99.2713901880848
515	2.04173749794514		2.71639415418489		0.987989187240601	2.03183962899856	2.68004760652941	0.758135648056542	0.00322043284328415	99.2612105000409
514	2.06172407776029		2.74294365359052		0.988263189792633	2.05182620881371	2.70702876662545	0.757962469446341	0.00324444439036581	99.2557226353731
513	2.07786953668015		2.76395817987374		0.988561034202576	2.06797166773357	2.72861875731006	0.757882229678811	0.00320206013506914	99.265409806985
512	2.1004982933036		2.79413410748753		0.988881468772888	2.09060042435702	2.75934363402968	0.757644100058663	0.00325507465556034	99.2532931738333
511	2.12061691047175		2.8206677743737		0.989219486713409	2.11071904152517	2.78653444895832	0.757471002131056	0.00334850514742142	99.2319429449691
510	2.14389808713653		2.85115631184953		0.989577054977417	2.13400021818995	2.8177124408778	0.757352023304814	0.00334165075147008	99.2335091182084
509	2.16659652454583		2.8805281623181		0.989948749542236	2.15669865559925	2.84784742714458	0.757308356846099	0.00337643849293669	99.2255606603127
508	2.19602560157668		2.91892885796544		0.990337610244751	2.1861277326301	2.88699574018553	0.757232753135137	0.00336867724584787	99.22733392939
507	2.22060813321673		2.95161179240516		0.990751147270203	2.21071026427015	2.92058192288926	0.756941706358009	0.00350449637769864	99.196306910235
506	2.25269399734634		2.99340400415223		0.991183400154114	2.24279612839976	2.9632798844143	0.756862738547241	0.00347995356661519	99.2019128414962
505	2.28243238834079		3.03193720712326		0.991617441177368	2.27253451939421	3.00278770622438	0.756808253438477	0.00345273325035747	99.2081307240135
504	2.31193735648461		3.07055233148068		0.992055416107178	2.30203948753803	3.04242231270109	0.756646925026743	0.00348234936000226	99.2013655938541
503	2.35316532262847		3.12415595675477		0.992499232292175	2.34326745368189	3.09698495918783	0.756628619306049	0.00354998333586248	99.1859178720053
502	2.383586843503		3.1636521480032		0.99295300245285	2.37368897455642	3.13761876087297	0.756525618777214	0.00359072907560491	99.1766126328491
501	2.42352793221059		3.21514432309042		0.993394494056702	2.41363006326401	3.19016586743861	0.756584504868369	0.00349551049956508	99.1983593773602
500	2.46673819815121		3.27238460606482		0.993805527687073	2.45684032920463	3.24837156168921	0.756329835595235	0.00376046241711276	99.1378594607597
499	2.52291756804392		3.34591551397413		0.994185566902161	2.51301969909734	3.32271713242687	0.756314666262866	0.00371492776216261	99.1482543542501
498	2.59359316590604		3.43776766204461		0.994557678699493	2.58369529695946	3.41531304497898	0.756503214473379	0.00366861378508748	99.1588282736212
497	2.68093997952187		3.55311841841963		0.994921982288361	2.67104211057529	3.53132906741817	0.756384369618701	0.00377452661600291	99.1346490308442
496	2.78456358750625		3.68937619375407		0.995278537273407	2.77466571855967	3.66820904615955	0.756408831569895	0.00371887830007193	99.1473524612436
495	2.88448352118902		3.82043069762494		0.99499124288559	2.87458565224244	3.79754827463403	0.75695829107517	0.00381479667689616	99.1254571726967
494	2.97967688018364		3.94554458872657		0.99477756023407	2.96977901123706	3.92119321087349	0.757366151456616	0.00386588130209032	99.1137980583601
493	3.03699223639993		4.01912021099117		0.994611084461212	3.02709436745335	3.99371612963288	0.757964329260332	0.00396559951215907	99.0910431849591
492	3.05727750243216		4.04410031343042		0.994498908519745	3.04737963348558	4.01810838806801	0.758411505905351	0.00393408260844274	99.0982345178455
491	3.0656633422424		4.05189666349692		0.99443906545639	3.05576547329582	4.02561959714037	0.75907954031884	0.0039221537369023	99.1009565103962
490	3.08138212880069		4.07084718832354		0.99444317817688	3.07148425985411	4.04448146610833	0.759425969828844	0.00405837226119194	99.069877899541
489	3.10514625224089		4.09940656320942		0.994451105594635	3.09524838329431	4.07291460949289	0.759959066188153	0.00409635619130628	99.0612135049445
488	3.15992788043996		4.16944849408189		0.995079815387726	3.15003001149338	4.14518689067033	0.759924725850896	0.00421105059133658	99.0350555251182
487	3.25293835370112		4.2898408642063		0.995648920536041	3.24304048475454	4.26742613556411	0.75995234170019	0.00422282102344856	99.0323714716705
486	3.35956541626334		4.42772916931939		0.996206641197205	3.34966754731676	4.40718181354957	0.760047506326706	0.00420359483970924	99.0367557242809
485	3.48115319653922		4.58628751829519		0.996731162071228	3.47125532759264	4.56754232217906	0.759983177547568	0.00424858516214437	99.026496637475
484	3.60816214378562		4.75011644830463		0.997203469276428	3.59826427483904	4.73307745763693	0.760237774903336	0.00428514955612987	99.0181596873892
483	3.6767526342342		4.83721078389412		0.99762898683548	3.66685476528762	4.82198494700568	0.760445087570138	0.00431797196373991	99.0106765354626
482	3.73381871066633		4.9075909838082		0.998053252696991	3.72392084171975	4.89427880020863	0.760872233425078	0.00435484699028551	99.0022701050754
481	3.73868471406486		4.91043564932418		0.99850869178772	3.72878684511828	4.89935261719134	0.76107745991467	0.00446964763139662	98.9761034773284
480	3.75772983117626		4.92990790266434		0.998985171318054	3.74783196222968	4.92114303733523	0.761577530625712	0.00444050071625973	98.9827463084413
479	3.84489576100374		5.0398877117952		0.999535739421844	3.83499789205716	5.03378396396165	0.761851902964658	0.00452163101868952	98.9642571255526
478	3.97368643431725		5.20656128290655		1.00016474723816	3.96378856537067	5.20365275420863	0.761731951111614	0.00458696211505039	98.9493710116076
477	4.15996671921744		5.44751509053749		1.00086104869843	4.15006885027086	5.44843674898134	0.761699004957114	0.00454619165141673	98.9586605634376
476	4.39056992874521		5.74827202292948		1.00160253047943	4.38067205979863	5.75371209453643	0.761364487451222	0.00465261900276906	98.9344129199215
475	4.69883292800173		6.14833172592076		1.00243234634399	4.68893505905515	6.15951176378534	0.76125109243619	0.00469183329599748	98.925480114899
474	5.01142566356908		6.55017507148304		1.00333368778229	5.0015277946225	6.56823308160123	0.761472337002268	0.00463998248231561	98.9372916231351
473	5.29067092612515		6.90758652025021		1.00434982776642	5.28077305717857	6.93385127695263	0.761593066573447	0.00478540792640229	98.9041675759818
472	5.54392645489834		7.23008617716469		1.00542318820953	5.53402858595176	7.26551019840582	0.761684786729228	0.00486379908387472	98.8863167563101
471	5.76083325334803		7.50401271415607		1.0065370798111	5.75093538440145	7.54927675274956	0.76178627075857	0.0048027937325029	98.9002082941263
470	5.94071025458241		7.728602691286		1.00769698619843	5.93081238563583	7.78429498028113	0.761894609680071	0.00479105038148965	98.9028825983421
469	6.08646132821876		7.91219000744695		1.00889205932617	6.07656345927218	7.97874651088342	0.761593747963222	0.0049615340995869	98.8640655679491
468	6.16947303443003		8.01328865206251		1.01006615161896	6.15957516548345	8.09014804984107	0.761367422145564	0.00498907306594308	98.8577967158932
467	6.15833028545112		7.99051116191915		1.01115047931671	6.14843241650454	8.0758015273749	0.761340208233564	0.00495313105364869	98.8659784803998
466	6.1162244018303		7.93023599126156		1.01216447353363	6.10632653288372	8.02289165473495	0.761112924824292	0.00514716490988014	98.8218170573811
465	6.04732017847282		7.83400731732966		1.01307439804077	6.03742230952624	7.93261733841311	0.761088308179252	0.00510774665515704	98.8307869165544
464	5.98478382618364		7.74987597000959		1.01387333869934	5.97488595723706	7.85357470683099	0.760785525098544	0.00521617727680371	98.8061148416149
463	5.9005173592352		7.63786487426575		1.01454770565033	5.89061949028862	7.74515782741844	0.760555126383014	0.00521218258402856	98.8070236762992
462	5.85555752054766		7.57816853661366		1.01511299610138	5.84565965160108	7.68887478262791	0.760275048932862	0.00532801403520546	98.7806741938662
461	5.78563870979189		7.48634538024229		1.01557767391205	5.77574084084531	7.59914089200791	0.760051816767828	0.00529099291610039	98.7890950399265
460	5.68619878099001		7.3575445384718		1.01598358154297	5.67630091204343	7.47131858768154	0.759745531585592	0.00547208570391114	98.7479103968069
459	5.57587363494647		7.21615225388052		1.01623845100403	5.56597576599989	7.32950456506029	0.759393178160072	0.00541874065991028	98.760040496033
458	5.47287657725256		7.08587348242843		1.01637935638428	5.46297870830598	7.1981081752547	0.758946458610658	0.00556960096562825	98.7257403077865
457	5.38412950729467		6.97446514547126		1.01642441749573	5.37423163834809	7.08518914890805	0.758516325450021	0.00561342783015218	98.7157778940063
456	5.32101003733204		6.89565173025884		1.01638066768646	5.31111216838546	7.00477975055952	0.758212585907677	0.00561563678727957	98.715275796062
455	5.26563594087362		6.83101686723585		1.01623702049255	5.25573807192704	6.93810540984851	0.757517760463342	0.00572293374307387	98.690890175891
454	5.17561771613566		6.72094635986317		1.01600134372711	5.16571984718908	6.82466460197527	0.756919225846492	0.0057512404541898	98.6844578503736
453	5.07232683520073		6.594818955582		1.01566588878632	5.06242896625415	6.69430798835673	0.756228870117588	0.00578788308253735	98.6761319205743
452	4.94351290749279		6.4340057604238		1.01526415348053	4.93361503854621	6.52839225710077	0.755716697810251	0.00586243043040654	98.6591954570987
451	4.7614939995287		6.20512144737353		1.01477611064911	4.75159613058212	6.29298769153698	0.755062041035329	0.00591671106757473	98.6468652305778
450	4.55963484506185		5.94811920230671		1.01419520378113	4.54973697611527	6.0287348370702	0.754675250956354	0.005941043333919	98.6413384862623
449	4.34519357394606		5.67508514578051		1.0135600566864	4.33529570499948	5.74822288438724	0.754197565437935	0.00592407539797861	98.6451924901221
448	4.11108710515494		5.37835088182948		1.01285493373871	4.10118923620836	5.4436751436325	0.75338610919969	0.00603789787790296	98.6193423592032
447	3.92267118793906		5.13950525290105		1.01211142539978	3.91277331899248	5.19794070476761	0.752754512071221	0.0060517990547482	98.6161857384421
446	3.76050789513		4.93676223613305		1.01131975650787	3.75061002618342	4.98883688115529	0.751800492886606	0.00615509075918655	98.592733857071
445	3.63843848643808		4.78446526408535		1.01049888134003	3.6285406174915	4.83089158688943	0.751111995007093	0.00613075828246555	98.5982579258951
444	3.56688311563025		4.69887510329453		1.00964379310608	3.55698524668367	4.74038809232729	0.75035739213862	0.00626943795298854	98.5667783847297
443	3.52336495174164		4.64795361912301		1.00880837440491	3.51346708279506	4.6850956904374	0.749924295029083	0.00636766981470005	98.5444863602803
442	3.4878433210242		4.60504548941165		1.00797557830811	3.47794545207762	4.63797768198471	0.749884042259841	0.00637121024769909	98.5436830142932
441	3.46293444661202		4.57648497927186		1.00718784332275	3.45303657766544	4.60558729428555	0.749749458000686	0.00641890609474787	98.5328611720978
440	3.44524409023739		4.55690709849072		1.00642335414886	3.43534622129081	4.58238786343924	0.749684732865992	0.00654599780531423	98.5040307856799
439	3.42495196385363		4.53313030415213		1.00571870803833	3.41505409490705	4.5552667431609	0.74969354978702	0.00668105407174548	98.473402907984
438	3.41380687112473		4.51941652246865		1.00510931015015	3.40390900217815	4.53872270827359	0.749970690206123	0.00674090774366366	98.4598324186852
437	3.42676641697138		4.536377508729		1.00464129447937	3.4168685480248	4.55364902010542	0.750358346227066	0.00684684873853868	98.4358172379991
436	3.44517404629236		4.55929680795382		1.00431418418884	3.43527617734578	4.57518453343477	0.750849753106414	0.00701102179480444	98.3986133233682
435	3.47328068680505		4.59315361934198		1.00416374206543	3.46338281785847	4.60849697207577	0.75152112257947	0.00695984145797931	98.4102099959898
434	3.52210057186388		4.65434625825762		1.00418722629547	3.5122027029173	4.6700536166604	0.752069032010152	0.00710928888689872	98.3763513510214
433	3.5855239114542		4.7339022637991		1.00440275669098	3.57562604250762	4.75096222941007	0.75261091750494	0.00726039426628385	98.3421289264533
432	3.64906299811438		4.81259734405106		1.00481104850769	3.6391651291678	4.8319671915716	0.753143592430758	0.00738408478442455	98.3141242951424
431	3.71796252176485		4.8980044970301		1.00536251068115	3.70806465281827	4.92048423008482	0.753597507770967	0.00741692829593357	98.3066895725875
430	3.78398757032915		4.98044358361475		1.00603294372559	3.77408970138257	5.00670192647333	0.753807547724536	0.0075679993616742	98.2724991459529
429	3.82746463314371		5.03385068789354		1.0067173242569	3.81756676419713	5.06387372506051	0.753882693658897	0.00768265295270708	98.2465586649056
428	3.86346958905452		5.07797683517816		1.00732290744781	3.85357172010794	5.11136913897047	0.75392162360712	0.00774667589081023	98.2320763953944
427	3.8760795743557		5.09322052408209		1.00784730911255	3.86618170540912	5.12939337459291	0.753730787067186	0.00782167801116158	98.2151133019846
426	3.89087812165985		5.11216217439703		1.00823533535004	3.88098025271327	5.15046585776626	0.753520236788141	0.00788376942926784	98.2010724149856
425	3.88305464757002		5.1048259073365		1.00844466686249	3.87315677862344	5.14413698673983	0.752926445895078	0.00805225473263115	98.1629825262925
424	3.84215553884672		5.05635237237394		1.00845658779144	3.83225766990014	5.09531434044993	0.752114082437895	0.00810780927009145	98.1504264139418
423	3.78386285109137		4.98722889852905		1.00823640823364	3.77396498214479	5.02450906115112	0.751111190409549	0.0082907690684122	98.1090862613233
422	3.71258995098554		4.90162681146875		1.00780355930328	3.70269208203896	4.93608188640214	0.750127766769649	0.00836368031498964	98.0926166637307
421	3.6273751319901		4.79846082067005		1.00717306137085	3.61747726304352	4.8290877883001	0.749101573967641	0.00849969794475804	98.0618996349991
420	3.5267440777047		4.67546503258729		1.00632703304291	3.51684620875812	4.70125735388485	0.748065026870313	0.00855158319539211	98.0501848595779
419	3.57998285923025		4.75846670461892		1.00541400909424	3.57008499028367	4.78044302432914	0.746810488507951	0.00882763539121411	97.9878806640546
418	3.45123881677594		4.60247083121881		1.00442969799042	3.44134094782936	4.61907603130322	0.745027993587372	0.00905116000982625	97.9374608013973
417	3.32481839491781		4.4476458074234		1.00336182117462	3.31492052597123	4.45881966284534	0.743452477702552	0.00912423326102733	97.9209834871992
416	3.21327098325415		4.31306402085178		1.00222516059875	3.20337311430757	4.31888722683443	0.741712609304577	0.00924454368408643	97.8938606850746
415	3.12010338108737		4.20075347442555		1.00108110904694	3.11020551214079	4.20152520100046	0.740256302973071	0.00941975057842153	97.8543754492627
414	3.05959117429791		4.12857124815148		1	3.04969330535133	4.12480557324645	0.739354437729549	0.00945230490446726	97.8470406476825
413	2.99218460718445		4.04760019134612		0.998973429203033	2.98228673823787	4.03968323401874	0.738247670788543	0.00958829222423944	97.8164073461309
412	2.92452579397823		3.9665657312207		0.997905433177948	2.91462792503165	3.95449970679528	0.737040875239732	0.00971838415346226	97.7871110507127
411	2.84507474449102		3.87077847574407		0.996788322925568	2.83517687554444	3.85459320448004	0.735532058804343	0.00988257542338684	97.7501482157332
410	2.77477685658832		3.78518211378141		0.99567312002182	2.76487898764174	3.76505470379784	0.734352939109434	0.00994117944734642	97.7369586271554
409	2.71263971084051		3.71044683575972		0.994610667228699	2.70274184189393	3.68670462260173	0.733105067686869	0.010204435838897	97.6777313439338
408	2.66227984776049		3.64929041510565		0.993608474731445	2.65238197881391	3.62222427670649	0.732252278212214	0.010264608277662	97.6641988207243
407	2.62417690601821		3.60321600122726		0.992691278457642	2.61427903707163	3.57314294618158	0.731646921617106	0.0104603011967023	97.6202012853588
406	2.59249821962136		3.56579069620102		0.991901516914368	2.58260035067478	3.53317802191042	0.730956757530814	0.0105633635856832	97.5970377917231
405	2.57840296821283		3.55121836959909		0.991254270076752	2.56850509926626	3.51642763151077	0.730430245812494	0.0107344508804645	97.558597688642
404	2.5710156025197		3.54509603075637		0.990834653377533	2.56111773357312	3.50887283563529	0.729897563560299	0.0108801421214825	97.5258755382054
403	2.57397863961723		3.55265950728865		0.990659058094025	2.56408077067065	3.51574382126484	0.729313880938056	0.0110622269825086	97.4849948360665
402	2.59081856874916		3.57852944126731		0.99070817232132	2.58092069980258	3.54154767745324	0.72875503448214	0.011248582539492	97.4431730443406
401	2.60677502620493		3.60190456324422		0.991027057170868	2.59687715725835	3.56585299380284	0.728262539642413	0.0113637716895448	97.4173313439702
400	2.62539511890397		3.6281715309127		0.991591811180115	2.61549724995739	3.59393116721045	0.727753851776603	0.0115136520718	97.3837172220441
399	2.63919011396604		3.64702166511472		0.992447733879089	2.62929224501946	3.61574115142502	0.727179334721793	0.0116418676904311	97.3549711266445
398	2.65175131997053		3.66330734620199		0.99357545375824	2.64185345102395	3.63603077660606	0.726576207226141	0.0118307124879639	97.3126473487129
397	2.66156073155243		3.67514946041248		0.99498325586319	2.65166286260585	3.65296539242752	0.725893234056544	0.0120209849427204	97.2700222139929
396	2.65737584387384		3.66667087157917		0.996666491031647	2.64747797492726	3.6506948693508	0.725198371727533	0.0122109942574283	97.2274746603813
395	2.64991718911849		3.65326833257023		0.998634338378906	2.64001932017191	3.64451867194954	0.724380791485888	0.012434257234208	97.1775046109959
394	2.64756121988962		3.64619380867272		1.00088000297546	2.63766335094304	3.64563348136331	0.723513036740234	0.0125988568955271	97.1406808560716
393	2.64192094891606		3.63500361096352		1.00338685512543	2.63202307996948	3.64353641287387	0.722381439820289	0.0127968178352232	97.0964120956095
392	2.64186175702177		3.63053141859858		1.00611889362335	2.63196388807519	3.64895753747602	0.721292002179809	0.0129306529878643	97.066494812337
391	2.64049900067956		3.62452947770459		1.00907671451569	2.63060113173298	3.6536284421663	0.719996894422369	0.0131657233236579	97.0139699003266
390	2.65564731604871		3.64022918467311		1.01226460933685	2.64574944710213	3.6810633140831	0.718745976734483	0.0133621814348076	96.9700944381561
389	2.65983370519214		3.64112101816564		1.01579105854034	2.64993583624556	3.69479303441807	0.717208193141169	0.0135366426186927	96.9311482376991
388	2.67845116117244		3.66133613038955		1.0196373462677	2.66855329222586	3.72939543301738	0.715545814369914	0.0137779758440496	96.8772995030961
387	2.69469856100986		3.678469296825		1.02374601364136	2.68480069206328	3.76196318425402	0.713670113333568	0.0139841231003224	96.8313255125464
386	2.71282979873038		3.69903089342253		1.02809154987335	2.7029319297838	3.79907094569874	0.711471822563363	0.014230900690408	96.7763190265711
385	2.72698117806836		3.71373987773875		1.03263711929321	2.71708330912178	3.83105707346634	0.709225484511867	0.0144183283480397	96.7345624625435
384	2.74403455934788		3.73247779270294		1.03739488124847	2.7341366904013	3.86814686465271	0.70683373358596	0.014597944091881	96.694563202549
383	2.76627242546996		3.75879285607436		1.04228162765503	2.75637455652338	3.91379584227804	0.704271420279046	0.0148954584549107	96.6283450693918
382	2.77001784781827		3.76003501915533		1.04716074466705	2.76011997887169	3.93341780369516	0.701710348765585	0.0151041965213465	96.5819130554005
381	2.78174311632611		3.77245259723071		1.05201208591461	2.77184524737953	3.96470419031495	0.699130405277307	0.0153509769759911	96.5270476152283
380	2.78208679308255		3.76985547810046		1.05682492256165	2.77218892413597	3.98009756462221	0.696512806313356	0.0155874406050456	96.4745051027822
379	2.78565997422061		3.77253083209368		1.061567902565	2.77576210527404	4.00080012317681	0.693801744604516	0.0158168010953942	96.4235682413842
378	2.7805733165261		3.76313478720935		1.06622624397278	2.77067544757952	4.00833800831951	0.691227995700173	0.0160158641659419	96.3793816949828
377	2.78103164171958		3.76187994102296		1.07074952125549	2.771133772773	4.0239990512692	0.688651696351409	0.0163245099145787	96.3109108306653
376	2.78078170275573		3.75995621056189		1.07512474060059	2.77088383380915	4.03837337529446	0.686138594999803	0.0165666339774584	96.257231378464
375	2.7780606456377		3.75533543421317		1.07931578159332	2.76816277669112	4.04912844696953	0.683644100933098	0.016927321709424	96.1773215691559
374	2.78300606798122		3.76084310020679		1.08323669433594	2.77310819903464	4.06980413054805	0.681386157682534	0.0171324144176978	96.1319131853376
373	2.78616345322251		3.76483609335489		1.08680582046509	2.77626558427593	4.08755322195037	0.679199862002344	0.0174457764972063	96.0625749087121
372	2.78439123643272		3.76183128379659		1.08998930454254	2.77449336748614	4.09625131946095	0.677324985970648	0.0176665228382647	96.0137599352613
371	2.7934768565136		3.77446182573831		1.09271693229675	2.78357898756702	4.12030353056171	0.675576196491413	0.0180317709314266	95.9330448867875
370	2.80032780863466		3.78394222120824		1.09493815898895	2.79042993968808	4.13905954826245	0.674170039631222	0.0182717847817403	95.8800419150132
369	2.80451847023901		3.78968000194703		1.09609699249268	2.79462060129243	4.14972930770566	0.673446481461593	0.01853523256369	95.8218976703417
368	2.81141167089506		3.79968127143832		1.09620356559753	2.80151380194848	4.16109621162707	0.67326340451355	0.0188489346661033	95.7527080346569
367	2.8273108407534		3.82257961119057		1.09532988071442	2.81741297180683	4.18286101330219	0.673561221098906	0.0192660941302123	95.6607773929011
366	2.84197696618308		3.84287262868761		1.09350752830505	2.8320790972365	4.19809235592952	0.674610955911053	0.0194715906543346	95.6155239807766
365	2.84856328207473		3.85298572679173		1.09079897403717	2.83866541312815	4.19872528344131	0.676077909722534	0.0198430127511213	95.5337855797753
364	2.86382930984577		3.87411609780105		1.08727586269379	2.85393144089919	4.20813859498152	0.678193309579367	0.0200609259286229	95.4858622244491
363	2.88411423408112		3.90299954495126		1.08299589157104	2.87421636513454	4.22285426153473	0.68063356846465	0.0204029434578896	95.4106943740854
362	2.89901191468565		3.92388158832485		1.07849431037903	2.88911404573907	4.22782270864956	0.683357426466425	0.0207246260919297	95.3400496830464
361	2.92405056204654		3.95915725957061		1.07380759716034	2.91415269309996	4.24732953335797	0.686114103041119	0.0210320516018694	95.272584879352
360	2.94065258834739		3.98223789912683		1.06893277168274	2.93075471940081	4.25271934170019	0.689148397511961	0.021313015318771	95.2109688933792
359	2.96562251012261		4.01705496441739		1.06376707553864	2.95572464117603	4.26920501079509	0.692336075147998	0.0216255298511096	95.1424805529275
358	2.98456116971491		4.04393918061856		1.05833911895752	2.97466330076833	4.27587366847236	0.695685497609915	0.0219539952390414	95.0705496438572
357	3.00471311055235		4.0720972493537		1.05269610881805	2.99481524160577	4.28271681780374	0.699279305406322	0.0223035579195525	94.9940583539335
356	3.022930078253		4.09784541819613		1.04688131809235	3.01303220930642	4.28601559803176	0.702991424177289	0.0225605790827145	94.9378562580924
355	3.03728865973859		4.11785393862399		1.0409619808197	3.02739079079201	4.28260946826797	0.706903305852072	0.0229069330747338	94.8621725953546
354	3.04733875735469		4.13286640194291		1.03497338294983	3.03744088840811	4.27350934800299	0.710760323907446	0.0232187434748211	94.7940888472489
353	3.06494797359292		4.1577167070194		1.02894842624664	3.05505010464634	4.27420137719969	0.714765130380427	0.0235588569492069	94.7198808454571
352	3.07715122061447		4.175733345131		1.02306663990021	3.06725335166789	4.26820094615037	0.718629087609931	0.0239541622146183	94.6337037617376
351	3.08833090806979		4.19194693149199		1.01734268665314	3.07843303912322	4.26081557176649	0.722498542185652	0.0242691683046121	94.5650881431423
350	3.0964234251273		4.2038971877919		1.01178658008575	3.08652555618072	4.24963669933421	0.726303393573453	0.0245618606279279	94.5013775696468
349	3.10710021951823		4.21966988059997		1.00650131702423	3.09720235057165	4.24331313547994	0.729901907232529	0.0248610224086589	94.4363031407412
348	3.11400084204925		4.23033131854565		1.00149571895599	3.10410297310267	4.23288739799256	0.733329919093712	0.0252205832180649	94.3581498538803
347	3.12375075656108		4.2450910963187		0.99670946598053	3.1138528876145	4.22736919582686	0.736593551064431	0.0255695175859578	94.2823681445694
346	3.12914073456688		4.25383992440874		0.99214780330658	3.1192428656203	4.21670183053496	0.739735222213844	0.0259988607461154	94.1892067318198
345	3.1395962398962		4.26959790774422		0.987797260284424	3.12969837094962	4.21377739243153	0.742729878557645	0.0262758159923215	94.1291601964808
344	3.14721480676029		4.28167019773504		0.983641147613525	3.13731693781371	4.2079229142176	0.745573766860947	0.0267004178344924	94.0371767954863
343	3.15043221397399		4.28802942622526		0.979665756225586	3.14053434502741	4.19714648780699	0.748254642565108	0.0270372521471971	93.9642708090466
342	3.15401768759248		4.29452995110162		0.975760638713837	3.1441198186459	4.1867588907121	0.75096749077689	0.0273478895380729	93.8970851074179
341	3.15589254110061		4.29946165274207		0.971918165683746	3.14599467215403	4.17506495511442	0.753519934654002	0.0277396404184936	93.8124243948267
340	3.15284324912061		4.29760142325732		0.968130171298981	3.14294538017403	4.15699193858198	0.756062418837921	0.0280762561649642	93.7397398325842
339	3.15560953328924		4.30483197742765		0.964619815349579	3.14571166434266	4.14889378254566	0.758204916591654	0.0284936932298168	93.6496819485333
338	3.15175692099995		4.30386892811509		0.961340546607971	3.14185905205337	4.13386361191167	0.760029683369367	0.0288912745319145	93.5639881938934
337	3.14167331508321		4.29537650871543		0.958259046077728	3.13177544613663	4.11247490374399	0.7615305915388	0.0293586327991723	93.4633551323262
336	3.12909943818033		4.28369820065662		0.955322027206421	3.11920156923375	4.0887138168077	0.762880873787613	0.0297615596160029	93.3766825410625
335	3.10934328591552		4.2618550733025		0.952541172504425	3.09944541696894	4.05600546817818	0.764162041024344	0.0301030666988205	93.3032847310338
334	3.08440432117142		4.23417121110843		0.949889779090881	3.07450645222484	4.01841898024908	0.7651035064627	0.0304055105710072	93.2383306865298
333	3.05825499266263		4.2056390456951		0.94739955663681	3.04835712371605	3.98085296853052	0.765754763567997	0.0308376651049509	93.1455979251043
332	3.0211602052132		4.16486621870958		0.944806516170502	3.01126233626662	3.93143490822715	0.765944853866224	0.0312591633909465	93.055240654379
331	2.97495942414781		4.11144971501677		0.942112147808075	2.96506155520123	3.86989903354662	0.766185765958823	0.0317084816853594	92.9590160825723
330	2.92138911186186		4.04948075774486		0.939315378665924	2.91149124291528	3.80020239501213	0.766141099941597	0.0321367952296289	92.8673824558027
329	2.87471986156006		3.99707718129409		0.936610460281372	2.86482199261348	3.74017732804595	0.765958868081317	0.0325994732581717	92.7684983589312
328	2.82045296724565		3.93370065566843		0.933943271636963	2.81055509829907	3.67033633325471	0.765748651651982	0.0329949466088189	92.684060790713
327	2.78233433946828		3.89087792634735		0.931326270103455	2.7724364705217	3.62016975460921	0.765830515818166	0.0333855914299054	92.600729615745
326	2.73005207649359		3.83011860041826		0.92875337600708	2.72015420754701	3.55373819736497	0.765434608988348	0.0338557023313655	92.5005463037148
325	2.69074703514674		3.78730248730809		0.926237106323242	2.68084916620016	3.50445218878767	0.764983803967254	0.0343122721399755	92.4033524256015
324	2.64071993573727		3.72738470190298		0.923812508583069	2.63082206679069	3.43992583433862	0.764790345340834	0.0347725876446687	92.3054645547067
323	2.59819981871967		3.67817970942381		0.921528518199921	2.58830194977309	3.38607732048308	0.764395406482869	0.035214219713195	92.2116472600568
322	2.55986388137285		3.63449169690307		0.919212281703949	2.54996601242627	3.33740795092272	0.764055833126803	0.0357058698188732	92.1073166362794
321	2.52130516570661		3.58911955352968		0.916910946369171	2.51140729676003	3.2874502179181	0.763937742105331	0.0361747753878727	92.0079224968443
320	2.49485261454278		3.55850097455046		0.914670467376709	2.4849547455962	3.25141139792717	0.764269556039694	0.0365328090930278	91.9321021404254
319	2.46635946280116		3.5261662212617		0.912529110908508	2.45646159385458	3.21429303883049	0.76423075437713	0.0369820124500725	91.8370632646148
318	2.44239142090475		3.5004366071067		0.910539090633392	2.43249355195817	3.18385557085112	0.764008761649922	0.0374655079622199	91.7348789119119
317	2.41208229016648		3.4656233626169		0.908678650856018	2.4021844212199	3.14571617312555	0.763636732945655	0.037965806674317	91.6292629788178
316	2.38482726097851		3.43581965179849		0.906927943229675	2.37492939203193	3.1126256543172	0.762998720626077	0.0385600462341649	91.5039735710116
315	2.35688310825814		3.40459085553655		0.905307412147522	2.34698523931156	3.07879224344365	0.762307117120201	0.0391233479463954	91.3853652676987
314	2.33318476850909		3.37781374382714		0.903821349143982	2.32328689956251	3.04953667772983	0.761849141388926	0.0395995075479416	91.2852254425363
313	2.30881658012989		3.34987183720051		0.902508914470673	2.29891871118331	3.01989064023692	0.761258927907058	0.0400336170774764	91.1940246811564
312	2.28056388248888		3.31695250139455		0.901354432106018	2.2706660135423	2.9863556304516	0.760346822189737	0.0405918500955741	91.0768810976261
311	2.25616390700044		3.28968559476522		0.900331139564514	2.24626603805386	2.95841602596546	0.759279972234739	0.0411107257366224	90.9681314872759
310	2.21908497648454		3.24483489914365		0.899488806724548	2.20918710753796	2.91530548902205	0.757789231988526	0.0416716113923532	90.8507231645935
309	2.19027425882622		3.21251127866734		0.898925364017487	2.18037638987964	2.88442280990154	0.755914279416638	0.042284572028633	90.7225874431377
308	2.15946521353917		3.17739260204986		0.898677170276642	2.14956734459259	2.85206606640027	0.753687780909531	0.0429273680336982	90.5884089447538
307	2.13274708620453		3.14660452844241		0.898729979991913	2.12284921725795	2.82456349995745	0.751567177473589	0.0434115388423287	90.487473230775
306	2.10832113415369		3.11818723119268		0.899035274982452	2.09842326520711	2.79997484026834	0.749443614645481	0.0438505749716158	90.396044032596
305	2.08233494040987		3.08773173815031		0.899677276611328	2.07243707146329	2.77457418894227	0.74693878423678	0.0443500793346243	90.2921346722212
304	2.05405367831584		3.05394846191812		0.900652170181274	2.04415580936926	2.7471537465729	0.744099529165183	0.0447201474076124	90.2152283209727
303	2.01180897633621		3.00273819600946		0.901984810829163	2.00191110738963	2.70502766213023	0.740070475217656	0.0454470436470572	90.0643577388864
302	1.9716141644851		2.95384857218138		0.903549313545227	1.96171629553852	2.66554537673555	0.735953067113417	0.0460522253291519	89.9389420513041
301	1.93616315144316		2.91171877498644		0.905354738235474	1.92626528249658	2.63272911772523	0.731661024116655	0.0466875977612565	89.8074576650886
300	1.89220795142349		2.85711984942336		0.907451450824738	1.88231008247691	2.58928038538347	0.726962631433264	0.0473463428408985	89.6713394817142
299	1.85368895743677		2.80898978369771		0.910263776779175	1.84379108849019	2.55349389198161	0.722065987422175	0.0478594362702513	89.565460616608
298	1.81223842049303		2.75699658322187		0.913794457912445	1.80234055154645	2.51588714537317	0.71638370380048	0.0484748222502238	89.4386381506341
297	1.76875085963164		2.70280189349701		0.917980194091797	1.75885299068506	2.47766179180385	0.70988421281039	0.0491181181309019	89.3062558181964
296	1.72505139691563		2.64731108561327		0.922788560390472	1.71515352796905	2.4394334638743	0.703095023237507	0.0497606698490167	89.1742222307587
295	1.68006032043525		2.58988021426072		0.928298592567444	1.67016245148867	2.40068648710209	0.695702025425548	0.050358850119446	89.0514816856286
294	1.63332841144229		2.53093020228925		0.934404373168945	1.62343054249571	2.36139358610524	0.687488334027923	0.0510574905410783	88.9083415994175
293	1.58002240579592		2.46171275871817		0.941053092479706	1.57012453684934	2.31305870437382	0.678808771208594	0.0518085414057851	88.7547200725499
292	1.53622034298266		2.40474824478563		0.947771847248077	1.52632247403608	2.27558368546617	0.670738889448226	0.052325748431851	88.6490838201876
291	1.4858383607621		2.33825711956304		0.954483270645142	1.47594049181552	2.22823302939027	0.662381569767591	0.0529992349180117	88.5117169110622
290	1.43411338538285		2.27015565499141		0.961205065250397	1.42421551643627	2.17846552869177	0.653770049458415	0.0536517906851243	88.3788221535799
289	1.38091967221649		2.19994859960788		0.967701375484467	1.37102180326991	2.12524923705044	0.645111067148391	0.054271761928555	88.2527481643334
288	1.31665086143814		2.11500568002542		0.973872363567352	1.30675299249156	2.05607829384454	0.63555604687025	0.0551365656222441	88.0771867250724
287	1.25849707749083		2.0381623331645		0.979641914367676	1.24859920854425	1.9929802368805	0.626498539944684	0.0559042030797557	87.9216433496684
286	1.20624201178166		1.96884697699616		0.985037505626678	1.19634414283508	1.93567878416546	0.6180488997563	0.0565934263202989	87.7822227864053
285	1.15364113308559		1.8986912033507		0.990005016326904	1.14374326413901	1.87598577872712	0.609675871271824	0.0572690887543536	87.6457599957422
284	1.10629939743491		1.83538967772474		0.994526863098145	1.09640152848833	1.82159927389955	0.601889528722329	0.0579294376441879	87.5125950491054
283	1.06147033267264		1.7753569753279		0.998537302017212	1.05157246372606	1.76899999740141	0.594444581837634	0.0585307007513937	87.3915212385841
282	1.01283995261793		1.70945798877481		1.00214016437531	1.00294208367135	1.70934277579515	0.58674134753622	0.059059798995205	87.2851175249468
281	0.966345568038088		1.64674453687696		1.00528156757355	0.956447699091508	1.65165636585334	0.579083954062896	0.0598029667394969	87.1358823460511
280	0.918119800713698		1.58171592538144		1.00794303417206	0.908221931767119	1.59048396323774	0.571034950844933	0.0607915051904797	86.9377697389795
279	0.876300017860782		1.52550100098448		1.00999760627747	0.866402148914203	1.5369490367281	0.563715600328965	0.0615383531521582	86.7883929866222
278	0.840203956298472		1.47613938313972		1.01076138019562	0.830306087351892	1.48821848149903	0.557919484050186	0.0622161717468639	86.6530449534754
277	0.811240226555807		1.43778519170362		1.01021814346313	0.801342357609227	1.44867253395017	0.553156312989634	0.0628082007097869	86.535000254326
276	0.779879513485318		1.39523142600452		1.00850391387939	0.769981644538738	1.40329865601296	0.548694065400449	0.0635974844837867	86.3778749685446
275	0.75360587009665		1.36013482427708		1.00567150115967	0.74370800115007	1.36406179857565	0.54521576802946	0.0642626008633092	86.2456896166229
274	0.730975343453678		1.33124525530072		1.00166654586792	0.721077474507099	1.32969188600515	0.542289143895933	0.0649861328363313	86.1021244433283
273	0.711128076382105		1.30536568387093		0.996584177017212	0.701230207435525	1.29715397374087	0.540591341992533	0.0656354120129542	85.9734961725164
272	0.694959834564386		1.28566536656684		0.990479826927185	0.685061965617806	1.26969578473519	0.539548113692984	0.0663424854902999	85.8336368774684
271	0.680046240568802		1.26714905194356		0.984030902385712	0.670148371622222	1.24320828456633	0.539047543313302	0.0670055218117009	85.702694854226
270	0.668001610184801		1.25249847827163		0.977289319038391	0.658103741238221	1.22037323106304	0.53926432052673	0.0676412490726959	85.5773336437178
269	0.654019894847603		1.23558593103696		0.969450056552887	0.644122025901023	1.19418821697009	0.539380657711812	0.0683678222718328	85.4342827492111
268	0.641805783568283		1.22141571624983		0.960526764392853	0.631907914621703	1.16958545437574	0.540283663974753	0.0690968161585502	85.2909955786706
267	0.632257338477042		1.21137094089935		0.95069831609726	0.622359469530462	1.14806829289098	0.542092725131609	0.069737560884864	85.1652526474825
266	0.618508977325923		1.19349892253814		0.940096080303192	0.608611108379344	1.11846356270627	0.544149249624841	0.0704205424596573	85.0314250537094
265	0.607762393811736		1.18043126359378		0.928679645061493	0.597864524865156	1.09274538125953	0.547121529972553	0.071049478704224	84.9083734327049
264	0.595643077759088		1.16536414939617		0.916590332984924	0.585745208812508	1.06470993252861	0.550145340920607	0.0717688264725669	84.7678510560602
263	0.581437760127861		1.14601517791587		0.903754353523254	0.571539891181281	1.03231296115581	0.553649825864209	0.0724511793903393	84.6347704459009
262	0.568764118210729		1.12838700720994		0.890914976596832	0.558866249264149	1.00194198795072	0.557783041318792	0.0730227206861114	84.5234624444276
261	0.555428530190285		1.11010723738552		0.878135800361633	0.545530661243705	0.97151813344214	0.561523910326677	0.0737578641566326	84.3805080361066
260	0.53999370816944		1.08686683678258		0.865367650985718	0.53009583922286	0.937280708233875	0.565567854502973	0.0743634181175552	84.262934946197
259	0.524121985820751		1.06346647219103		0.85245943069458	0.514224116874171	0.903351938361009	0.569240065845378	0.0750593255760854	84.1280213078533
258	0.505379081232558		1.03452222487016		0.839563012123108	0.495481212285978	0.865385073854342	0.572555764197725	0.0758914632967523	83.9669806375153
257	0.489454557370408		1.01017895714516		0.826433718204498	0.479556688423828	0.831733870892103	0.576574677558176	0.0766008218193353	83.829944412851
256	0.472899558657262		0.983919310643648		0.81306129693985	0.463001689710682	0.796924986273945	0.580985284293149	0.0772844941064022	83.6980819899117
255	0.458311495666236		0.960681946539722		0.799651682376862	0.448413626719656	0.765199706506471	0.586008623509403	0.0779444509360563	83.5709904079599
254	0.440926365425645		0.932629476253865		0.786224722862244	0.431028496479065	0.730295684792254	0.590210931619676	0.0787619433144554	83.4138288707425
253	0.423607928300022		0.904521027574677		0.772798895835876	0.413710059353442	0.696102741961355	0.594323272147677	0.0796090546976033	83.2512849331641
252	0.406993392843949		0.877053774571638		0.759391844272614	0.39709552389737	0.663167860587148	0.598785839147564	0.0804415092113269	83.0918619301025
251	0.388929531832145		0.846983396579		0.746072351932526	0.379031662885565	0.629101428800481	0.602496903572881	0.0814016211578003	82.9083703732429
250	0.37179074558471		0.817916636441239		0.732924580574036	0.36189287663813	0.59671125200787	0.60647905569134	0.0823376037911589	82.7298803479876
249	0.353853166310682		0.787239324857277		0.720633029937744	0.343955297364102	0.564596990241467	0.609204978611379	0.0833789504223682	82.5317491652538
248	0.336289879027346		0.756550791959882		0.708929538726807	0.326392010080766	0.533671605794098	0.611597106792103	0.0845140592649548	82.3163188513051
247	0.320902115111781		0.729619078200309		0.697923898696899	0.311004246165202	0.50659043711025	0.613916535691567	0.0855840653134219	82.1137591868584
246	0.303470805672156		0.697805929828893		0.6875981092453	0.293572936725576	0.477220767025771	0.615172173992426	0.0868420560376712	81.8762501061402
245	0.2887245151427		0.670965915287703		0.678074300289154	0.278826646196121	0.452411336150233	0.616312244889307	0.08795519070652	81.6666628397008
244	0.269769649190608		0.63502347921306		0.669374763965607	0.259871780244029	0.422548043760131	0.615011201877793	0.0895775015443427	81.3621653864986
243	0.253417419946867		0.603844612760496		0.661558091640472	0.243519551000287	0.3969870769613	0.613419340660366	0.0912931851562021	81.0413775956801
242	0.23622630520843		0.569736519635066		0.653966724872589	0.22632843626185	0.370126099701471	0.611490074448675	0.0932256842895486	80.6815653663508
241	0.222501874416102		0.542187754181181		0.646870613098145	0.212604005469522	0.348289420526938	0.610423380497366	0.0949927600930011	80.3539517481041
240	0.209322702715834		0.514923090593836		0.640305876731873	0.199424833769254	0.327297097200616	0.60930828740903	0.0969041831895894	80.0010738994556
239	0.195710237865441		0.486113770640593		0.63483726978302	0.185812368918862	0.3062125481818	0.606808473467729	0.0990417122525225	79.608288615981
238	0.182218567692301		0.457141470036146		0.630380034446716	0.172320698745721	0.285799049352057	0.602943568694137	0.101662362375475	79.1293571696929
237	0.166649645330195		0.422737277058384		0.626808166503906	0.156751776383615	0.262614821762944	0.596888535579727	0.104807124925032	78.5584444056287
236	0.152929464110604		0.391871498067948		0.624054491519928	0.143031595164024	0.242199182129855	0.590553584476342	0.108235471787401	77.9407406055074
235	0.139100968377285		0.360077363673507		0.622274458408356	0.129203099430706	0.221723663152967	0.58272129187027	0.112017252989229	77.2649889828842
234	0.125768368409198		0.328714526579588		0.621340751647949	0.115870499462618	0.201903963746605	0.573889176381097	0.116025022727918	76.5552496832714
233	0.115889989389832		0.305284579773795		0.621121406555176	0.105992120443252	0.187279846295061	0.565955827816415	0.119566988318773	75.9334289126635
232	0.103890576328953		0.27652007488385		0.621190249919891	0.0939927073823735	0.16943237388959	0.55475057820782	0.125012658341171	74.9872352553695
231	0.0928028627502108		0.249466170267831		0.621524631977081	0.0829049938036309	0.152708909956948	0.542895590224589	0.13103607241693	73.9543846136166
230	0.082915119030565		0.224971970231427		0.621933937072754	0.0730172500839851	0.137575702157621	0.530742339954251	0.137211302480351	72.910268490709
229	0.0728291611622361		0.199737520182723		0.62280935049057	0.0629312922156563	0.122053097671835	0.515605858565424	0.145047568856198	71.6064974361812
228	0.0630060733184916		0.174588285892956		0.623824656009674	0.0531082043719118	0.106563356538214	0.498372105545184	0.154681109463489	70.035605950951
227	0.0551829843223464		0.154311972001503		0.624672889709473	0.0452851153757665	0.0940421904423112	0.481540414603018	0.164705824740988	68.437506104583
226	0.0496813901823423		0.139811374105648		0.625293791294098	0.0397835212357625	0.0850685310424076	0.467664373044481	0.173472156437158	67.0699285312329
225	0.0444089935435587		0.125661916421403		0.625641524791718	0.0345111245969789	0.0762633504086796	0.452525681235362	0.18364927193516	65.5165059473538
224	0.0400445970842524		0.113795451853951		0.625679969787598	0.0301467281376726	0.0688434275171335	0.437902777722241	0.194140341921649	63.952813907035
223	0.0354999512207591		0.101210762763917		0.625520944595337	0.0256020822741792	0.0609539434036632	0.420023395445169	0.207678482776593	61.9899829959755
222	0.03135447623122		0.0894694864512744		0.62475597858429	0.0214566072846402	0.0535439686509742	0.400728743595845	0.223623510622083	59.7553080179708
221	0.0279062468367343		0.0794474196120482		0.623277485370636	0.0180083778901545	0.0471707275294495	0.38177019591041	0.240540968552186	57.4723600554918
220	0.0252551402036509		0.071587372684532		0.621200323104858	0.015357271257071	0.0421308605741435	0.364513590460483	0.257421428245208	55.2813412878489
219	0.0229777909314397		0.064622304467429		0.618524014949799	0.0130799219848598	0.0376412868532444	0.347488703982299	0.275096420522993	53.076659222962
218	0.0213631291489511		0.0595326997285497		0.6152663230896	0.0114652602023713	0.0343115723128102	0.334151408097691	0.290452319081308	51.23275152934
217	0.0198221541566344		0.0546016391479725		0.611503660678864	0.0099242852100546	0.031086378228696	0.31924867982509	0.308173087426853	49.1843473121184
216	0.018424460718921		0.04994320124697		0.607404947280884	0.00852659177234117	0.0280484579532845	0.303995028409135	0.327740571795263	47.0174886297066
215	0.0177502210861476		0.0465395530748404		0.602963209152222	0.00785235213956776	0.0257910748491519	0.304460057810502	0.326219014826101	47.1825039759822
214	0.0168172266288161		0.0431313251679267		0.598491311073303	0.00691935768223625	0.0235599996370911	0.293690907844622	0.34076091013923	45.6288044680067
213	0.0160204823807485		0.0401756157223397		0.594147801399231	0.00612261343416867	0.0216328862856776	0.283023418757683	0.355533214439723	44.1028632370292
212	0.0153422436577964		0.0375371193339568		0.590187430381775	0.00544437471121655	0.0199314820077862	0.273154535577922	0.369497456096947	42.7073421038724
211	0.0148485090139257		0.0355715078839863		0.586437284946442	0.00495064006734591	0.0186521263376361	0.265419608345487	0.381118463904997	41.5797176688412
210	0.0143642222784188		0.0335297421069275		0.583247244358063	0.004466353331839	0.0173598101763919	0.25728123098448	0.392807371916917	40.4755378123158
209	0.0139183420578799		0.0315855080296133		0.579938590526581	0.0040204731113001	0.0161337948109525	0.249195750808159	0.404868030023643	39.3669682515476
208	0.0134595154224452		0.0294415979639459		0.577307462692261	0.00356164647586541	0.0148229019934215	0.240279971995099	0.416733892292133	38.3059385560903
207	0.0130111215548369		0.0273360265593192		0.575665593147278	0.00311325260825708	0.0135686404657533	0.229444697581515	0.43319901363396	36.8808554860146
206	0.0125914407226973		0.0252940047207075		0.574895739555359	0.00269357177611751	0.0123765450907726	0.217635192726419	0.466761004744975	34.1380724111871
205	0.0122567620264486		0.0236256938467127		0.574898242950439	0.00235889307986876	0.0114174899945329	0.206603472479353	0.485912918330529	32.6653323829047
204	0.0119530784606149		0.0220830951761951		0.567570567131042	0.00205520951403511	0.0103964286116799	0.197684184713794	0.505032984026556	31.2584195501373
203	0.011676885701251		0.0207005860932031		0.570808053016663	0.00177901675467118	0.00966658368332823	0.18403779586985	0.528888257102459	29.5877365377487
202	0.0113818975947485		0.0191372858713309		0.576338827610016	0.00148402864816863	0.0088592562427921	0.167511651937603	0.558516676966273	27.6365179253375
201	0.0110984723601327		0.0176254495870124		0.582763433456421	0.00120060341355285	0.00807696988060139	0.148645275555176	0.598545177392346	25.2031499076423
200	0.0108221026465001		0.0160774840666169		0.590864896774292	9.24233699920226E-4	0.00727461584936276	0.12704914170845	0.653606338060249	22.2020799356404
