Wavelength	I	I dark	R	R dark	XCorrect	Ic	Rc	Ic/Rc	Abs	Percent T
nm	uA	uA	uA	uA		uA	uA	uA/uA	OD	T*100
	Abs Detector Raw	Dark Offset for Abs Detector	Ref Detector Raw	Dark Offset for Ref Detector	Linear interp	Dark subtracted Abs Detector	Corrected Ref Detector	Corrected Intensity 	-Log(T)	% Transmittance
800	0.167706741139722	0.00989941905834426	0.18255996898183	0.0037370046180175	1.26322114467621	0.157807322081378	0.225892949738048	0.698593392420505	0.00171858394341772	99.6050633572837
799	0.172976164126631		0.188668281754969		1.25946629047394	0.163076745068287	0.232914709608284	0.700156487937364	0.00181034334254527	99.5840206416217
798	0.174857227961888		0.190879295730814		1.25578379631042	0.164957808903544	0.235010256783859	0.701917487181241	0.00181013109971107	99.5840693090601
797	0.174740558498243		0.190813275337706		1.25213968753815	0.164841139439899	0.234245623164753	0.703710648731996	0.00177198221673978	99.5928172624053
796	0.17254331157404		0.188419338999311		1.24854493141174	0.162643892515695	0.230584192513052	0.705355778048354	0.00181689979425297	99.5825172541255
795	0.171129216654763		0.186917184464297		1.24499154090881	0.161229797596419	0.228057774370774	0.7069690916754	0.00178086126115853	99.590781132439
794	0.171844771080005		0.187956549656372		1.24150061607361	0.16194535202166	0.228708678657917	0.708085731472763	0.00183453795574217	99.5784729548614
793	0.17684470334915		0.19385601862694		1.23799812793732	0.166945284290805	0.235366983428334	0.709297803196928	0.00179100007504676	99.5884561648175
792	0.184467338587856		0.202813946104268		1.23457276821136	0.174567919529512	0.245774970737733	0.710275415781837	0.00170480051988301	99.608224623701
791	0.191555479619409		0.211050809779852		1.23109483718872	0.181656060561064	0.255222955212682	0.711754396894617	0.00171870857138344	99.6050347739718
790	0.196465475632504		0.216767134753958		1.22767388820648	0.18656605657416	0.261531528169124	0.713359715672651	0.00177463669828018	99.5922085360731
789	0.196964146589984		0.217385221947839		1.22422575950623	0.18706472753164	0.261553651127752	0.715205950003242	0.00179424348460068	99.5877124184483
788	0.192472628778036		0.212346935758864		1.22079539299011	0.182573209719692	0.25467004286873	0.716901005171619	0.00184245492325161	99.5766577064937
787	0.185789202138482		0.204814325467918		1.21735346317291	0.175889783080138	0.244782172902158	0.718556343359381	0.00185778030612281	99.5731439075792
786	0.180674116175645		0.199113854375584		1.21391463279724	0.170774697117301	0.237170816830538	0.720049369477534	0.00176241581037858	99.5950110638318
785	0.177147744615334		0.195267938024374		1.21042191982269	0.167248325556989	0.231833240119155	0.721416503824168	0.001670114854464	99.6161803212029
784	0.177037893732289		0.195387621098847		1.20695853233337	0.167138474673944	0.231314346788489	0.722559914654901	0.00172703308954567	99.6031255717853
783	0.17904817757588		0.197888456126086		1.20348119735718	0.169148758517535	0.233657621329564	0.723917146614097	0.00171770747351781	99.6052643750991
782	0.181106075898345		0.200453723487967		1.20004236698151	0.171206656840001	0.23606839693753	0.725241747989279	0.00189520674132293	99.5645633075475
781	0.183723917226996		0.203557307002177		1.1966587305069	0.173824498168652	0.239116709380532	0.726944171400527	0.00183128017599275	99.5792199271646
780	0.185970554943849		0.206274249397021		1.19330596923828	0.176071135885505	0.24168890318786	0.728503185554399	0.00174888941930016	99.5981130651341
779	0.189842766003206		0.210868937794189		1.19010949134827	0.179943346944861	0.246509679634277	0.729964629428858	0.00172405268168743	99.6038091147939
778	0.19356539515398		0.215324026010335		1.18701219558716	0.183665976095636	0.251156374820642	0.731281362962803	0.00173738465548037	99.600751523583
777	0.199106054654851		0.221897097082398		1.1839507818222	0.189206635596507	0.258290812035608	0.73253335689859	0.00178627032563813	99.5895407537915
776	0.205196324291465		0.229075823822207		1.1809515953064	0.195296905233121	0.266114238023647	0.733883713564272	0.00173067607462955	99.6022900760698
775	0.212902680881461		0.238141588022432		1.17803692817688	0.203003261823116	0.276137255384318	0.735153471198892	0.00168830962886752	99.612006987125
774	0.22195949084283		0.248777119977615		1.17517721652985	0.212060071784486	0.287965560706445	0.736407753983686	0.00174686993571917	99.5985762007024
773	0.231914133671095		0.260417673786998		1.17244553565979	0.222014714612751	0.300944104657339	0.737727409099911	0.00170650181602745	99.6078344212839
772	0.243905171754895		0.274569871949748		1.1697244644165	0.234005752696551	0.316799830685994	0.738654917175422	0.00174691109487558	99.5985667615008
771	0.259862415229036		0.29320832402371		1.16703009605408	0.249962996170692	0.337821741690926	0.739925722126505	0.00169872884975294	99.6096172099184
770	0.282124326913763		0.319275252020138		1.16448152065277	0.272224907855419	0.367438458158931	0.740872115617445	0.00173934351118451	99.6003022821848
769	0.317878692882651		0.361026051413856		1.16197168827057	0.307979273824307	0.415159756905943	0.741833158684698	0.00162950155692348	99.6254964210284
768	0.366126667848553		0.417593069315267		1.15950226783752	0.356227248790209	0.479867045574774	0.742345722789795	0.00166375312297842	99.6176395523441
767	0.421766229088631		0.482811809899393		1.15713560581207	0.411866810030287	0.554354515038565	0.74296645712651	0.00152466592916758	99.649548216722
766	0.472842907351336		0.542431711699737		1.15489220619202	0.462943488292991	0.62213431872557	0.744121445094562	0.00176243282878981	99.5950071610679
765	0.505463486749799		0.580068473023958		1.15279674530029	0.495564067691455	0.664393040992507	0.745889913222381	0.00179663388508371	99.5871642791773
764	0.502418734259524		0.576035379778354		1.1508207321167	0.492519315201179	0.658612835091216	0.74781311410818	0.00175090929979565	99.5976498406942
763	0.47699719810622		0.546288785658935		1.14889180660248	0.467097779047876	0.623333295895491	0.749354770752034	0.0018092049815045	99.5842816689261
762	0.443869611873845		0.507624923203565		1.14707088470459	0.433970192815501	0.577995160563878	0.750819768788601	0.00179549533163947	99.5874253588415
761	0.40282710868091		0.460013207695569		1.14529764652252	0.392927689622565	0.522572061548952	0.751911015789652	0.0017925439113238	99.5881021469689
760	0.374192408783121		0.427338728150837		1.14352190494537	0.364292989724777	0.484397849832393	0.752053275733627	0.0018209968157221	99.5815778229246
759	0.362775300674445		0.4145216963417		1.14178252220154	0.352875881616101	0.469026781398047	0.752357638436486	0.00176685582544772	99.593992858195
758	0.364545814583386		0.416774037030942		1.14000296592712	0.354646395525042	0.470863441988472	0.75318311828873	0.00183461128578292	99.5784561411712
757	0.368186294610343		0.421176969752607		1.13824582099915	0.358286875551999	0.475149295832475	0.754051155488445	0.00179522960936904	99.587486291241
756	0.377103344745611		0.431806925764819		1.13651084899902	0.367203925687267	0.486506109513496	0.754777624590303	0.00186270129245214	99.5720156516969
755	0.387326103188649		0.443843493404712		1.13479709625244	0.377426684130305	0.499431565516998	0.755712514365413	0.00180098592769651	99.5861663263386
754	0.400327665636698		0.45917155425655		1.13314974308014	0.390428246578353	0.516075542912722	0.756533131515559	0.00176578279898577	99.5942389288366
753	0.414784820425121		0.476191704945376		1.13162350654602	0.404885401366777	0.534640844668595	0.757303534520919	0.00174139048884715	99.5998328331773
752	0.42942826213907		0.493350324566755		1.13012480735779	0.419528843080726	0.553324158886874	0.758197227326373	0.00169819519555117	99.6097396087184
751	0.440159519725584		0.505970991020232		1.12870526313782	0.43026010066724	0.566874143778866	0.759004631608461	0.00181640971692747	99.5826296275571
750	0.452135430627438		0.519992373105319		1.12733149528503	0.442236011569094	0.581990936505715	0.759867523409019	0.00181262734799723	99.5834969189923
749	0.462074274887041		0.531602694103848		1.12599456310272	0.452174855828696	0.594373896409515	0.760758267750633	0.00173333090966619	99.601681210767
748	0.477905692670461		0.550170645994986		1.12473857402802	0.468006273612117	0.614594994603267	0.76148728466984	0.00175865748730364	99.5958729487128
747	0.498990717610624		0.575068083944817		1.12356340885162	0.489091298552279	0.641926695071296	0.761911449247266	0.00182577000225056	99.5804833608637
746	0.525401358984584		0.606081889973236		1.1224285364151	0.51550193992624	0.676089088086379	0.762476349655828	0.00180212717652996	99.5859046319087
745	0.552850241931545		0.638520010876334		1.12132000923157	0.5429508228732	0.711794886437618	0.762791125952806	0.00183206869385331	99.5790391283623
744	0.584712575483428		0.675944917648178		1.12025701999664	0.574813156425084	0.753045633469331	0.763317826805372	0.00173886738688538	99.6004114757207
743	0.612574213250516		0.708575261145724		1.11920189857483	0.602674794192172	0.788856314893981	0.763985510178959	0.00178475074166587	99.5898892153562
742	0.641392729675891		0.742182058801965		1.11819970607758	0.631493310617546	0.825729042542929	0.764770618546719	0.00174931876331739	99.5980146023753
741	0.666133333214727		0.770977929658582		1.1171909570694	0.656233914156383	0.857154623348878	0.765595723665932	0.00178126504565961	99.5906885381352
740	0.693850604527315		0.803022045741478		1.11617469787598	0.68395118546897	0.892141739292766	0.766639599231356	0.00175895030956648	99.5958057963996
739	0.72690397963938		0.841221743464816		1.11507248878479	0.717004560581036	0.933856192065179	0.767789052183093	0.00168778108940128	99.6121282157181
738	0.76679353026124		0.887888500480493		1.11387884616852	0.756894111202895	0.984837648049463	0.768547092713174	0.00173865251214258	99.6004607547675
737	0.811856783865355		0.940404583034321		1.11252617835999	0.801957364807011	1.04206720140919	0.769583155215442	0.00178200273305941	99.5905193747295
736	0.86846662403222		1.00674953363592		1.11103796958923	0.858567204973876	1.11438500371261	0.770440379324498	0.00180923895323584	99.5842738791649
735	0.933659275138911		1.08290226465487		1.10932576656342	0.923759856080566	1.19714582933899	0.771635195513838	0.00174828426095998	99.5982518480874
734	1.00154213466991		1.16232560418126		1.1074481010437	0.991642715611566	1.28307674447719	0.772863135334608	0.00187913796158054	99.5682472379278
733	1.0529011112103		1.22179092987138		1.1053968667984	1.04300169215195	1.34643299256656	0.7746406229721	0.00173373113774061	99.6015894219639
732	1.08614724602618		1.26024830734223		1.10324323177338	1.07624782696784	1.38623759037723	0.776380495261971	0.00179324307274706	99.5879418223364
731	1.10189940965953		1.27876387428484		1.10097706317902	1.09199999060118	1.40377533844012	0.777902247388546	0.00183558863860541	99.5782320462777
730	1.11168210310188		1.29018513125825		1.09864163398743	1.10178268404354	1.41334547189209	0.779556524540705	0.00181421643887767	99.5831325419535
729	1.11646785289965		1.29611045166914		1.09623396396637	1.10656843384131	1.41674366678574	0.78106467654227	0.00179496639029394	99.5875466496731
728	1.11950955668389		1.30017905974615		1.09382593631744	1.10961013762554	1.41808194483184	0.78247250920124	0.00177573930268692	99.5919556876645
727	1.12304575051741		1.30516504605435		1.09146678447723	1.11314633145907	1.42046547961502	0.78364898509238	0.00184540898636419	99.5759803901951
726	1.12979971777558		1.31399698266457		1.08920443058014	1.11990029871724	1.42714097330014	0.784715959858939	0.00188212083843232	99.5675633729185
725	1.13618065341903		1.32211711050077		1.08703660964966	1.12628123436069	1.43312744052835	0.785890495506431	0.00175417529542532	99.5969008459923
724	1.14639866027517		1.33496147690453		1.08495438098907	1.13649924121683	1.44431782328712	0.78687614518962	0.00175476231534652	99.5967662246057
723	1.15693901515249		1.34818431010364		1.08299386501312	1.14703959609415	1.45602818367436	0.787786671271388	0.00175072755979837	99.5976915195116
722	1.17846431261287		1.37481787322964		1.08117377758026	1.16856489355452	1.48237668208486	0.788304961672102	0.00179310772762763	99.5879728582914
721	1.19730416849462		1.39790273641865		1.07950687408447	1.18740474943627	1.50501149109179	0.788967231456076	0.00172033188465559	99.6046624692811
720	1.21694631929504		1.42215511058932		1.07795476913452	1.20704690023669	1.52899056195852	0.789440386532247	0.00171140613843552	99.6067095942449
719	1.22768575559246		1.43599799841243		1.07653081417084	1.21778633653411	1.54187309375463	0.789809707080802	0.00172184078078866	99.6043164072536
718	1.22848975339198		1.43797294499877		1.07519900798798	1.21859033433363	1.54208906031809	0.790220465011452	0.00171029908581477	99.6069635003249
717	1.22185162628227		1.43113878364913		1.07402753829956	1.21195220722393	1.5330688188972	0.790539988997845	0.00165019671222606	99.6207491445069
716	1.19513173197986		1.40091249592811		1.07296395301819	1.18523231292152	1.49911893821621	0.790619264894231	0.00172709182089554	99.603112102064
715	1.16016179040817		1.3604546957968		1.07196414470673	1.15026237134982	1.45435271943295	0.790910180164761	0.00172957315995584	99.6025430218734
714	1.10295572069046		1.29384858034029		1.07102370262146	1.09305630163212	1.38174007662487	0.791072300878821	0.00171989090490692	99.6047636072489
713	1.03372442366485		1.21297387058044		1.07008218765259	1.02382500460651	1.29398283091923	0.791219929772324	0.00180744931598947	99.584684246094
712	0.956212892907678		1.12222515268134		1.06905663013458	0.946313473849333	1.19572717041404	0.791412537294486	0.00181251196387925	99.5835233765136
711	0.883772594735221		1.03731043134095		1.06793642044067	0.873873175676876	1.10379070559709	0.791701879029827	0.00184270783992369	99.5765997168332
710	0.806408225842693		0.946690056642018		1.06664419174194	0.796508806784349	1.00579539602674	0.791919320699669	0.00184574682098053	99.5759029307719
709	0.724455508579828		0.851180807145724		1.06514143943787	0.714556089521484	0.902647511667061	0.791622510764807	0.00197477056024041	99.5463245050319
708	0.645784567732072		0.759676167313605		1.06344926357269	0.635885148673728	0.80390294587438	0.790997410741038	0.00192805918570249	99.5570319763848
707	0.581005763974802		0.68482641785683		1.06151580810547	0.571106344916458	0.722987178886278	0.78992596493373	0.00204900774549462	99.529309765816
706	0.528691485009035		0.624529906256943		1.0593421459198	0.518792065950691	0.657632084593959	0.788878885480486	0.00199931459407555	99.5406988307035
705	0.487397315557339		0.577291365796285		1.05691242218018	0.477497896498995	0.606196729124926	0.787694610606504	0.00213414474047543	99.5098004324284
704	0.454653260512397		0.540082036721333		1.05424511432648	0.444753841454053	0.565439129688198	0.786563607119487	0.00209083026240029	99.5197255643288
703	0.424300419447157		0.505809226494511		1.0513402223587	0.414401000388813	0.527848721387761	0.785075313433205	0.00211647573225371	99.513849010806
702	0.398260397273376		0.476732291796244		1.04815697669983	0.388360978215032	0.495773310201997	0.783343859428009	0.00201213981901883	99.5377593206322
701	0.376245573447769		0.452405735496963		1.04489290714264	0.366346154389425	0.4688107745521	0.781437147513152	0.00200368288474662	99.5396976194577
700	0.360276425257184		0.435094852997775		1.04165291786194	0.35037700619884	0.449325161407422	0.779784967085647	0.00206984640848764	99.5245341859461
699	0.341607643288324		0.414863268911136		1.03863656520844	0.331708224229979	0.42701077101238	0.776814653746433	0.00209972331234867	99.5176877193507
698	0.336625605954715		0.410182508736968		1.03591132164001	0.326726186896371	0.421041499346504	0.775995210456643	0.00213915517997173	99.5086523981359
697	0.336227237120858		0.410893911627192		1.0335921049118	0.326327818062513	0.420834164544992	0.775430907363095	0.0021129824356758	99.5146494648776
696	0.340349748395889		0.417038007977153		1.03182005882263	0.330450329337545	0.426452265597476	0.77488233970236	0.00192435757133321	99.5578805326663
695	0.350807887392186		0.430779240222051		1.03069472312927	0.340908468333842	0.440150178790404	0.774527615257836	0.00192396427026959	99.5579706932363
694	0.364859889289162		0.44889582797925		1.03009569644928	0.354960470230818	0.458556188180831	0.774082826444902	0.00196927419345684	99.5475843565763
693	0.381047624209831		0.469491062577131		1.02995276451111	0.371148205151487	0.479704679577256	0.77370144789616	0.0019432688604938	99.5535453938294
692	0.397060945068696		0.489885584590365		1.03007698059082	0.387161526010352	0.500770461376431	0.773131715768916	0.00208952670493693	99.5200242784067
691	0.414961662160254		0.512449019863976		1.03042733669281	0.40506224310191	0.524190767013525	0.772738225454969	0.00202310818751699	99.5352454663635
690	0.43014585704587		0.531506282971421		1.03089714050293	0.420246437987526	0.544075839899818	0.772404152452179	0.00204144169938881	99.5310437273042
689	0.441939578007046		0.546288048659426		1.03128290176392	0.432040158948702	0.559523615054066	0.772157148196425	0.00198384116661683	99.5442454178362
688	0.451175842008225		0.557979024564859		1.03155958652496	0.441276422949881	0.571733668931125	0.771821648661801	0.00196346535676083	99.5489158483458
687	0.458622286680619		0.567624069997511		1.03166389465332	0.448722867622275	0.58174192601404	0.77134352460518	0.00213503083967736	99.5095974009176
686	0.463329018839547		0.573707088466857		1.03159546852112	0.453429599781202	0.587978555691065	0.771166899527953	0.00208813725247603	99.5203426765665
685	0.46757028469174		0.579233315251416		1.0313640832901	0.457670865633396	0.59354622485325	0.771078723896444	0.00200171112043382	99.5401495461507
684	0.468320797384054		0.580371942871378		1.03098654747009	0.458421378325709	0.594502864140462	0.771100369698806	0.00206263572976594	99.5261866255428
683	0.467951108970003		0.580127416199992		1.03047323226929	0.458051689911659	0.593954890471902	0.77118935673336	0.00206951514309089	99.524610099982
682	0.464318252234031		0.575804351031719		1.02990901470184	0.454418833175687	0.589177317088033	0.771276863511344	0.0020534360265106	99.5282949209945
681	0.46073255125959		0.571656707005323		1.02931475639343	0.450833132201245	0.58456813011382	0.771224274770956	0.00207347473379553	99.5237027089351
680	0.458616102293437		0.569338979353452		1.02871644496918	0.448716683235093	0.581844052717382	0.771197507544254	0.00207441982158354	99.5234861311575
679	0.457482915957633		0.568278063219996		1.02808725833893	0.447583496899289	0.580397469157864	0.7711672098583	0.00205788823869573	99.5272746022142
678	0.460125262138481		0.572041759494019		1.02740895748138	0.450225843080137	0.583881395738866	0.771091263338513	0.00202847866076838	99.5340146239501
677	0.463920336586207		0.577337001782431		1.02669847011566	0.454020917527863	0.588914239547051	0.770945728663417	0.00214727635919843	99.5067916329672
676	0.469229314836478		0.58437561259415		1.0259222984314	0.459329895778134	0.59569009525288	0.77108869097973	0.00205538683371618	99.5278478508914
675	0.473697341552023		0.590507482076484		1.0251362323761	0.463797922493679	0.601519676531297	0.771043642609001	0.00220498858480101	99.4935693216231
674	0.479373214332078		0.597957633108726		1.02431344985962	0.469473795273734	0.608668181947069	0.771313187050346	0.00205622953413453	99.5276547282957
673	0.482881707360051		0.60281313540866		1.02344214916229	0.472982288301707	0.613119762808206	0.771435398094749	0.00216884602582324	99.5018496520925
672	0.487315975530809		0.608808763741637		1.02255475521088	0.477416556472465	0.618719004535667	0.771620966824437	0.00213780271686804	99.5089622846209
671	0.490734655326719		0.613544696645076		1.02164971828461	0.480835236268374	0.623009856767231	0.771793946830001	0.00215771551157251	99.504399813317
670	0.495162682652775		0.619359302334733		1.02074801921844	0.485263263594431	0.628395240981045	0.772226191332771	0.00204802434786309	99.5295351359333
669	0.496812525480656		0.621897197527229		1.0197958946228	0.486913106422311	0.630397226948053	0.772390939566164	0.00208997803826016	99.519920853929
668	0.501203869152073		0.627784328241009		1.01878011226654	0.491304450093729	0.635767002420266	0.772774378386122	0.00210287653670326	99.5169651670953
667	0.502244019599577		0.629507758104728		1.01773703098297	0.492344600541233	0.636870068729542	0.773069146621045	0.00207811475211299	99.5226393996923
666	0.504698079953541		0.632993384311504		1.01666116714478	0.494798660895197	0.639740525412476	0.773436481261169	0.00224824803757351	99.4836594029154
665	0.50632500560622		0.635396190393211		1.01556634902954	0.496425586547875	0.641491813128686	0.773861141152694	0.0022339340511876	99.4869383559599
664	0.50792980143721		0.637747946670435		1.01445806026459	0.498030382378865	0.643177510461019	0.774328042070198	0.00216363668320083	99.5030431794265
663	0.508961954753398		0.639407941170638		1.01329731941223	0.499062535695054	0.644123656037033	0.774793055677435	0.00224512843760873	99.4843740109704
662	0.511190717561875		0.642531718929152		1.01216089725494	0.501291298503531	0.646563031198873	0.775316982744936	0.00213407653498475	99.5098160603389
661	0.514915206377559		0.647827892003693		1.01106476783752	0.505015787319215	0.651217603520863	0.775494680409136	0.00234948735503229	99.4604712566823
660	0.517386991340827		0.651245512839646		1.00999879837036	0.507487572282482	0.65398281523843	0.775995271523246	0.00219888033765292	99.4949686845213
659	0.522017444813535		0.657393066831195		1.00900542736053	0.512118025755191	0.659542514400211	0.776474623809372	0.00215115290185339	99.5059034324104
658	0.52578735446644		0.66266605112409		1.00805485248566	0.515887935408096	0.664236622774193	0.776662890482435	0.00227343346505195	99.4778903546201
657	0.530862197280635		0.669352559276083		1.00716114044189	0.520962778222291	0.670382121125281	0.777113174420314	0.00218394351435636	99.4983907043373
656	0.538145580430243		0.679094714693698		1.00634658336639	0.528246161371899	0.679643924084813	0.777239584806438	0.00230907228335147	99.4697273934364
655	0.545665113176075		0.689011506951436		1.00559914112091	0.535765694117731	0.689111450978545	0.777473213305248	0.00218845734407681	99.4973565754734
654	0.555700283118887		0.70228129297019		1.00487756729126	0.545800864060542	0.701951485124535	0.777547844298257	0.00212275665105852	99.5124098170978
653	0.568593634812973		0.719411697564826		1.00422203540802	0.558694215754629	0.718696296841054	0.777371774712496	0.00233192939652233	99.4644923948771
652	0.579198627446379		0.733299781920953		1.00357329845428	0.569299208388034	0.732169722847376	0.777550874644277	0.00216124039661779	99.5035922042819
651	0.588611933072827		0.745813859629738		1.00296664237976	0.578712514014483	0.744278331658838	0.777548518340788	0.00224596947190166	99.4841813543915
650	0.594987657839832		0.754411084021655		1.00240564346313	0.585088238781488	0.752479933595699	0.777546633018722	0.00236392216387236	99.4571655065738
649	0.600156102643398		0.761248536692088		1.001877784729	0.590256683585054	0.758933975661043	0.777744444858898	0.00227747241035415	99.4769652130252
648	0.602802919649424		0.764999188227394		1.00140357017517	0.59290350059108	0.762330668505776	0.777751079794827	0.00231843370407513	99.4675833000383
647	0.604681354395336		0.767734828170076		1.00099229812622	0.594781935336992	0.764755937160806	0.777740853565843	0.00234354987569585	99.4618310449236
646	0.603414760467291		0.766409156788654		1.00062572956085	0.593515341408947	0.763149378681489	0.777718436244262	0.00230987053866459	99.469544563194
645	0.604932115807908		0.768839273050917		1.00029969215393	0.595032696749564	0.765331563579703	0.777483544473723	0.00235760164978676	99.4586129691045
644	0.606916174943047		0.771871633878644		1.00000286102295	0.597016755884703	0.768136826911429	0.777227096746844	0.00240439857252799	99.4478964933779
643	0.609968096012395		0.776121711681485		0.9997199177742	0.600068676954051	0.77216837583554	0.777121539463118	0.00238097995159114	99.4532592034308
642	0.615252744123603		0.783381851117808		0.999445915222168	0.605353325065258	0.779212857158229	0.776877998744743	0.00239915319075713	99.4490976261469
641	0.621989377397466		0.792534933356624		0.999167442321777	0.612089958339121	0.788141208966469	0.776624735993423	0.00242659886902549	99.4428130385964
640	0.629141994251209		0.802136004485252		0.998895227909088	0.619242575192865	0.797516950934769	0.776463214314192	0.0024317136985267	99.4416418746515
639	0.637805771377235		0.813836088361841		0.998560547828674	0.627906352318891	0.80893298485874	0.776215538334785	0.00243707553383767	99.4404141675596
638	0.64737066544302		0.826569497429613		0.998183071613312	0.637471246384675	0.821337465097917	0.776138035184695	0.00233112575942181	99.464676448402
637	0.655017273383657		0.836799384778873		0.997746467590332	0.645117854325313	0.831185047087888	0.776142276121937	0.00241696093890238	99.4450199133278
636	0.662994585058324		0.84769463925194		0.997253656387329	0.65309516599998	0.84163983697468	0.775979388460942	0.00249590215015339	99.4269455485266
635	0.672278598387926		0.860056660076567		0.996708512306213	0.662379179329582	0.85350108985066	0.776073032836409	0.00242122862170251	99.4440427014739
634	0.682851871050755		0.874290027939615		0.996089160442352	0.672952451992411	0.867148430120962	0.776052205847318	0.00245155554176603	99.4370987351937
633	0.692523048685451		0.887198704035495		0.995416641235352	0.682623629627107	0.879412477494222	0.776226909552341	0.00242783464077411	99.4425300774969
632	0.702948208861079		0.901263692687791		0.994728446006775	0.693048789802735	0.892795327673253	0.776268387972992	0.00249986157688054	99.4260390854526
631	0.709318545749687		0.909947835719497		0.994035542011261	0.699419126691343	0.900805774670434	0.776437214722819	0.00251088282875796	99.4235159460588
630	0.71634205646381		0.919500321338065		0.993336021900177	0.706442637405466	0.909660690032804	0.776600159978322	0.00250619002464774	99.424590280697
629	0.723824299781081		0.929597866158557		0.992607176303864	0.713924880722736	0.919016135424017	0.776836067620667	0.00246419953167333	99.434203779298
628	0.734644697687063		0.944242365306583		0.991834938526154	0.724745278628719	0.932826076602062	0.776935054462346	0.00252688742907025	99.4198520627239
627	0.744235600358701		0.957128621663784		0.991048812866211	0.734336181300357	0.944857630269804	0.777192412671385	0.00254228624569447	99.416326987013
626	0.753565644877084		0.969788982330969		0.99024510383606	0.74366622581874	0.956628240981392	0.777382680084609	0.00244244548689321	99.4391846169279
625	0.764823069758859		0.985071123383186		0.989454746246338	0.754923650700515	0.970985701465663	0.777481737950403	0.00249254881958106	99.4277132596472
624	0.770820753450714		0.993326914060647		0.988670885562897	0.76092133439237	0.978378732112751	0.777736994291776	0.00253608413826346	99.4177467497979
623	0.778450410402649		1.00369453639471		0.987914323806763	0.768550991344305	0.987872368840649	0.777986120055432	0.00255352390319534	99.4137545569566
622	0.785592436130947		1.01333328605102		0.987213253974915	0.775693017072603	0.996686830194446	0.778271562915376	0.00253548150865693	99.4178847025504
621	0.791719827158709		1.0218027791202		0.986586511135101	0.781820408100365	1.00440996057217	0.77838774881822	0.00252976385578104	99.4191935856238
620	0.798316758589869		1.03098313491848		0.986040651798248	0.788417339531525	1.0129064438787	0.77837133359766	0.00258633106793201	99.4062449974906
619	0.802858874355411		1.03724599500088		0.985671520233154	0.792959455297067	1.01870037772531	0.778403024712424	0.00251532960947359	99.4224979448445
618	0.805195336748419		1.04079037822646		0.985484898090363	0.795295917690074	1.02200043820478	0.778175711046727	0.00256619757612874	99.4108534861874
617	0.809192793092309		1.04648827706844		0.9854616522789	0.799293374033965	1.02759139186492	0.777831909026964	0.00259661464007017	99.4038912047733
616	0.811514930534202		1.04998140144413		0.985575616359711	0.801615511475858	1.03115296626479	0.777397280230498	0.00262168760037877	99.3981525228904
615	0.813521481124329		1.05298336066065		0.985840737819672	0.803622062065984	1.03438980179567	0.776904471284345	0.00261805520084041	99.3989838834724
614	0.818301249476812		1.05960991703066		0.986221313476563	0.808401830418467	1.04132437054392	0.776320859557156	0.00261895904018766	99.3987770178018
613	0.819488493124411		1.0616856738583		0.986693203449249	0.809589074066067	1.04387076153756	0.775564470139567	0.00258358777651118	99.4068729151172
612	0.823513775395925		1.06749344513636		0.987153947353363	0.813614356337581	1.05009136928025	0.774803393437323	0.00263260551538644	99.3956537415667
611	0.827135632070906		1.0726998583846		0.98754894733429	0.817236213012561	1.05565314097665	0.774152210882911	0.00267681866623576	99.3855353276138
610	0.831230453221536		1.07841885860589		0.98789769411087	0.821331034163192	1.06167572545741	0.773617607023395	0.00265534979193584	99.3904484646519
609	0.832017989839483		1.07993840816036		0.98806357383728	0.822118570781138	1.06335540495275	0.773136212927483	0.00269972189494036	99.3802942073127
608	0.838513132940971		1.08893788474794		0.988040208816528	0.828613713882627	1.07222210421145	0.772800439972294	0.00271332340531776	99.377181800887
607	0.843070332019441		1.0955795152756		0.98785537481308	0.833170912961096	1.0785824926025	0.77246841912921	0.00270302764685181	99.3795377497456
606	0.850406055867082		1.10561696182973		0.987536489963531	0.840506636808738	1.08814666530602	0.772420358033593	0.0026649906519274	99.388242130465
605	0.856832860956148		1.11450916302711		0.987073302268982	0.846933441897804	1.09641354246931	0.772458027096571	0.00267929752840766	99.3849680573602
604	0.863860883694178		1.12423087777098		0.986512660980225	0.853961464635834	1.10538139241617	0.772549158593331	0.00269839161512673	99.3805986178158
603	0.87127611651367		1.13437068943701		0.98584908246994	0.861376697455325	1.11463418078841	0.772788698123409	0.00269794915185082	99.3806998677498
602	0.879031196133561		1.14525653228902		0.985228002071381	0.869131777075216	1.12465700357276	0.772797194446125	0.00280763665053719	99.355602970657
601	0.887877050285226		1.15720996852055		0.984650254249573	0.877977631226882	1.13576744717664	0.773025880790487	0.00274155257436948	99.3707224876552
600	0.897010793534862		1.16979469442241		0.984116673469543	0.887111374476518	1.14753681476388	0.773057006157186	0.00285631695370574	99.3444667715713
599	0.90906082553017		1.18596177504629		0.983676254749298	0.899161406471826	1.16292643444673	0.773188552463861	0.0028093741672726	99.3552054715296
598	0.921614556253933		1.20284356056233		0.983342826366425	0.911715137195589	1.17913282983679	0.773208169703652	0.00273691908368836	99.371782680202
597	0.930695580387569		1.21542553377865		0.983100771903992	0.920796161329225	1.19121192832503	0.772991051746736	0.00283943938786069	99.3483275743893
596	0.944367755931082		1.23351922877471		0.982921838760376	0.934468336872738	1.20877980504293	0.77306746272085	0.00275302435767244	99.3680976688127
595	0.954887660979379		1.2479725536071		0.982812881469727	0.944988241921035	1.22285072512903	0.772774814212362	0.00280217315218146	99.3568528888819
594	0.968214217322613		1.26587453107463		0.982775807380676	0.958314798264269	1.24039822658884	0.772586398240572	0.00282040104658145	99.3526828423075
593	0.980069586843113		1.28209076483551		0.982796370983124	0.970170167784768	1.25636143637439	0.772206261427834	0.00280626519782286	99.3559167248772
592	0.992974550475629		1.29966034331756		0.982810854911804	0.983075131417285	1.27364752440745	0.771858078925444	0.00283584209780554	99.349150486597
591	1.00454089106662		1.31528230065259		0.982813537120819	0.994641472008275	1.28900447148991	0.77163539305539	0.00283598359947719	99.3491181166978
590	1.01511983847308		1.32985443499378		0.982779562473297	1.00522041941473	1.30328110801291	0.771299770428943	0.00290561651857575	99.3331901811071
589	1.02680376939563		1.34570452800906		0.982710957527161	1.01690435033729	1.31876618988196	0.771102836984547	0.00288078013559286	99.3388709986211
588	1.03704761243331		1.35971378240865		0.982594430446625	1.02714819337497	1.33237522967203	0.770915107471489	0.00288794352488081	99.3372324856642
587	1.04586085092349		1.37192096467188		0.982425510883331	1.03596143186514	1.3441388259383	0.770725026220391	0.0028932353899393	99.3360220718809
586	1.05791459690804		1.38809442652132		0.982219994068146	1.04801517784969	1.35974353873006	0.77074473825299	0.00279347700271302	99.3588423930776
585	1.06451483034114		1.39768160452256		0.981987595558167	1.05461541128279	1.36883630600155	0.770446697431178	0.00296154886307542	99.3203979843638
584	1.07455520200512		1.41108038986941		0.981722772121429	1.06465578294677	1.38162104949576	0.770584512544402	0.00291747639070643	99.3304775911539
583	1.07932850368282		1.41800952344768		0.981434881687164	1.06942908462448	1.388016382191	0.77047295575602	0.00298170351031124	99.3157888511143
582	1.09023861258698		1.43287170905724		0.981141924858093	1.08033919352864	1.402183974795	0.770468934853274	0.00294650463460141	99.3238385637448
581	1.09555759755108		1.44040452000126		0.980872988700867	1.08565817849273	1.40918835958341	0.770413813816685	0.00294399763040653	99.3244119212453
580	1.10357309739698		1.4514273730456		0.980610847473145	1.09367367833864	1.41962087906248	0.770398417259756	0.00295001109268746	99.3230366344424
579	1.11174793409527		1.46281270777794		0.980334997177124	1.10184851503693	1.43038297533849	0.770317134665409	0.00301718723576326	99.3076746558653
578	1.12013675089525		1.47455240347077		0.980064511299133	1.1102373318369	1.44149397508787	0.77019907888913	0.00302673606212681	99.3054912034923
577	1.12789091803956		1.48522855851844		0.979791462421417	1.11799149898121	1.45155277616108	0.770203824030405	0.00294595152810197	99.3239650601612
576	1.1352912567551		1.49561120465616		0.979541301727295	1.12539183769676	1.46135239591873	0.770102981895237	0.00305494773077944	99.2990405513722
575	1.14252964783946		1.50559829262895		0.979297995567322	1.13263022878112	1.47076974896926	0.770093503469789	0.0029737611867186	99.3176051425446
574	1.15418711086661		1.52160391085112		0.979087650775909	1.14428769180827	1.48612474341427	0.76998091639289	0.00306744101035219	99.2961840729155
573	1.16106609796071		1.53138201902738		0.978899002075195	1.15116667890236	1.49541018013048	0.769799947999499	0.00306693574850505	99.2962995949971
572	1.17137207326132		1.54538000938893		0.978744149208069	1.16147265420298	1.50887407108708	0.769761159303498	0.00302372969118334	99.3061786406785
571	1.17824839159322		1.55508388660846		0.978596448898315	1.16834897253488	1.51814254972532	0.769591085334029	0.00305772487849243	99.2984055738785
570	1.18877593213953		1.56983025648362		0.978484988212585	1.17887651308119	1.53239873709152	0.769301412580572	0.00311292042276239	99.2857862994048
569	1.19804377267867		1.58244344002697		0.978414237499237	1.18814435362033	1.54462885323578	0.769210254703795	0.00302972949987239	99.3048067283409
568	1.20278916297954		1.58916852697519		0.978417158126831	1.19288974392119	1.5512134045094	0.769004277846905	0.00307373817533129	99.2947443126935
567	1.21228538028778		1.60227474030173		0.978434324264526	1.20238596122944	1.56406418922504	0.76875742665344	0.00308711551773694	99.2916858364939
566	1.22068875397247		1.6141069271441		0.978512525558472	1.21078933491412	1.57576713997439	0.768380875700832	0.00313406763527427	99.2809518688698
565	1.23301038936024		1.63091522633231		0.978631198406219	1.2231109703019	1.59240737313675	0.768089240815678	0.00312050312990932	99.2840528017427
564	1.24078523826716		1.64177065231432		0.978813290596008	1.23088581920882	1.6033291048086	0.767706277842289	0.00317723116544415	99.2710850536257
563	1.25436896929199		1.66037476295776		0.979029059410095	1.24446955023364	1.6218965063306	0.767292823787596	0.00315657967939517	99.2758056850339
562	1.26507082929561		1.67484500978714		0.979272127151489	1.25517141023727	1.63646949092185	0.766999578788486	0.00307452740577811	99.2945638674714
561	1.27482377725469		1.68853488094826		0.979509949684143	1.26492435819634	1.65027628307219	0.766492478363402	0.00322450448289686	99.2602799011063
560	1.28916679630138		1.70789820942313		0.979763388633728	1.27926737724304	1.669674756798	0.766177587601754	0.00311655676666399	99.2849549838641
559	1.3009207757466		1.72416844556418		0.980009019374847	1.29102135668826	1.6860383293433	0.765712934409445	0.00315337721075547	99.2765377432106
558	1.31801301048055		1.74741724460458		0.98027241230011	1.30811359142221	1.70928163513166	0.76530020830736	0.00317835163144921	99.2708289377015
557	1.32714141010228		1.76001954557961		0.980539977550507	1.31724199104393	1.72210524328683	0.764902142989722	0.00320958376720822	99.2636901674554
556	1.34253284986011		1.78106282094719		0.98082560300827	1.33263343080177	1.74324666554323	0.764454885899063	0.00321521866779998	99.2624022455013
555	1.35450183022		1.79761471907441		0.981100916862488	1.34460241116166	1.75997507039235	0.763989464272301	0.00319106466808504	99.2679230402834
554	1.37101316590842		1.81979748113177		0.98138552904129	1.36111374685008	1.78225547151443	0.763702941920837	0.00326474197199976	99.2510838381095
553	1.38119162961287		1.83412221862336		0.981669664382935	1.37129221055452	1.79683363872411	0.763171492898055	0.00331059787673596	99.2406047549828
552	1.39504195914737		1.85287847160017		0.981943130493164	1.38514254008902	1.81575176081318	0.762847967427383	0.00331893279654508	99.2387001612577
551	1.41275320175238		1.8770602601388		0.982206225395203	1.40285378269403	1.83998976375012	0.762424775578561	0.00334464533720308	99.2328248768963
550	1.42654037668508		1.89588707128183		0.982443392276764	1.41664095762674	1.8589303301899	0.762073185110717	0.00335050226626747	99.231486624348
549	1.43940726200964		1.91348932493464		0.982618629932404	1.4295078429513	1.87655820849975	0.761771117184873	0.00335498751640003	99.2304617995833
548	1.45696349515482		1.93750302723126		0.982732713222504	1.44706407609648	1.90037513014021	0.76146233085555	0.00339997158930782	99.220184074806
547	1.46711523919385		1.95113926222316		0.982794582843781	1.4572158201355	1.91389638939209	0.761386994725646	0.00337226113971648	99.2265150869198
546	1.48309689806554		1.97278874333783		0.982793211936951	1.47319747900719	1.93517068276648	0.761275215735048	0.00332482538633148	99.2373536809126
545	1.49749721386493		1.99263305478197		0.982752025127411	1.48759779480658	1.95459162106654	0.761078569442996	0.00348853605849879	99.1999524408126
544	1.51565226139981		2.01709537768227		0.982672691345215	1.50575284234146	1.97847229110147	0.761068451205433	0.00343886270488071	99.211299294928
543	1.52733684692441		2.03319575298415		0.982572853565216	1.51743742786606	1.994091073575	0.760966962830642	0.00341809053724027	99.2160446534622
542	1.53992547449862		2.050391675767		0.98248028755188	1.53002605544027	2.01079786982985	0.760904951411024	0.00344780578156871	99.2092563375346
541	1.55198158712134		2.06650783933786		0.982422113418579	1.542082168063	2.02651168294367	0.760953998460546	0.00344601919261813	99.2096644627425
540	1.56647000411667		2.08632512441492		0.982404112815857	1.55657058505833	2.04594313418992	0.760808332864365	0.00371903621187861	99.1473164107401
539	1.5799524839212		2.10349080580385		0.982460975646973	1.57005306486285	2.06292616813147	0.761080589852109	0.0034993010697756	99.1974935669005
538	1.59288543064686		2.1212799597855		0.982597053050995	1.58298601158852	2.08069146745647	0.760798050238383	0.00354534791807589	99.1869765329847
537	1.61289830288135		2.14828762569321		0.982804477214813	1.602998883823	2.10767395200651	0.760553539268703	0.00356289998692674	99.1829679592308
536	1.62639215963895		2.16642956898009		0.983075141906738	1.61649274058061	2.1260892996109	0.760312721049135	0.00358675826995241	99.177519420457
535	1.64567184553604		2.19252886086799		0.983403861522675	1.63577242647769	2.15246636350561	0.75995260795323	0.00363464974407129	99.1665833023984
534	1.65910796913957		2.21067451509236		0.98377537727356	1.64920855008123	2.17113078198607	0.759608110098553	0.00361266682988457	99.1716029969952
533	1.67230008334467		2.22834079920146		0.984184384346008	1.66240066428633	2.1894203159859	0.759288041747137	0.0035990075300182	99.1747221615775
532	1.68802591335996		2.24973374345191		0.984593272209167	1.67812649430162	2.21139327845959	0.758854840813556	0.00367923501885938	99.1564032457632
531	1.7090498176949		2.27801361394438		0.984989404678345	1.69915039863656	2.24013836349426	0.758502432852474	0.00367124978260971	99.1582264201709
530	1.73286864389367		2.31004682914842		0.985359311103821	1.72296922483533	2.27254385989125	0.758167644305786	0.00371373572650405	99.1485264931369
529	1.75024074618021		2.33339485151606		0.985676109790802	1.74034132712187	2.29628808367408	0.75789328851862	0.00371869675157849	99.1473939079047
528	1.77029759577048		2.36016876498329		0.98594456911087	1.76039817671213	2.32331109661251	0.757710914943277	0.00375437136056377	99.1392498964384
527	1.78976748399834		2.38642853050336		0.986159026622772	1.77986806494	2.34971275590942	0.757483254267447	0.0037756705825486	99.1343879025606
526	1.80876930734771		2.41174905042172		0.98632550239563	1.79886988828937	2.37508369085207	0.757392211153628	0.0037794033306504	99.1335358491189
525	1.82803630250998		2.43742823733083		0.986455500125885	1.81813688345164	2.4007281021177	0.757327279939717	0.00377946468074013	99.1335218451397
524	1.84763938470704		2.46371434562423		0.986546039581299	1.8377399656487	2.42688090322942	0.757243572687577	0.00384650589715171	99.1182199722693
523	1.87203446670185		2.4957391623908		0.986623227596283	1.8621350476435	2.45866721207868	0.757375800391123	0.00376951060600282	99.1357940218198
522	1.89165515754142		2.52227956755819		0.986712396144867	1.88175573848307	2.48507716707153	0.757222255878909	0.00380626554328541	99.1274043787067
521	1.91434760435016		2.55274013872554		0.986819267272949	1.90444818529181	2.51540540507643	0.757113816106292	0.00386885825416584	99.113118666777
520	1.92645698387941		2.56895930369979		0.98695296049118	1.91655756482106	2.53175374239675	0.757007892484324	0.00393732040810931	99.0974957126154
519	1.9471318968217		2.59608896667732		0.987108528614044	1.93723247776335	2.55893273091809	0.75704705104472	0.00396078903193861	99.0921407769458
518	1.96389627053401		2.61806572440201		0.987286388874054	1.95399685147566	2.58109116108526	0.757042944060166	0.00383016660955747	99.1219491275663
517	1.9877555416789		2.65005601968434		0.987494111061096	1.97785612262056	2.61322444336699	0.756864236304251	0.00398831494845289	99.0858604402826
516	2.00957052114496		2.67882227933502		0.987728297710419	1.99967110208661	2.64225742462643	0.756804043182633	0.00394852983035064	99.0949379749896
515	2.03356422527272		2.71049332413034		0.987989187240601	2.02366480621437	2.67424597617334	0.756723511690609	0.00403012291264335	99.0763222608018
514	2.05327030124378		2.73639696172215		0.988263189792633	2.04337088218543	2.70058724582633	0.756639462525567	0.00400315826655673	99.0824739413198
513	2.06941018460214		2.75742304806391		0.988561034202576	2.05951076554379	2.72218672297807	0.756564841110785	0.00395762926780607	99.0928617369035
512	2.09140852435799		2.78623443710894		0.988881468772888	2.08150910529964	2.75156014789842	0.756483228938119	0.00392101603444292	99.1012161212232
511	2.11161404795889		2.81362879735104		0.989219486713409	2.10171462890055	2.77959971692759	0.756121327866468	0.00412302841794506	99.0551298402549
510	2.13524525513986		2.84423397301		0.989577054977417	2.12534583608151	2.81089062465362	0.756111183210273	0.00405377923190935	99.0709256523339
509	2.15527967888793		2.87081940991549		0.989948749542236	2.14538025982958	2.83826464195878	0.755877456990404	0.00419779445732654	99.0380784555456
508	2.18819538920562		2.91381970271242		0.990337610244751	2.17829597014728	2.88196434484541	0.755837237904525	0.00416978326143937	99.0444664355869
507	2.2168093783491		2.95150070842123		0.990751147270203	2.20690995929075	2.92050027142449	0.755661617594824	0.00423956764207223	99.0285528061095
506	2.24374863605395		2.98676140163971		0.991183400154114	2.23384921699561	2.95672426458264	0.755514893205956	0.00425404852393825	99.0252509062997
505	2.27161318672386		3.02302893079167		0.991617441177368	2.26171376766552	2.9939825339998	0.755419826929982	0.00425021366806471	99.0261253112427
504	2.30540268854197		3.06750474848504		0.992055416107178	2.29550326948363	3.03942738399775	0.755242017483029	0.00428947712220843	99.0171730170263
503	2.34027256144951		3.11235220924334		0.992499232292175	2.33037314239117	3.08529820408242	0.755315366050405	0.00430442766874843	99.0137644188635
502	2.37440271268032		3.15676960408539		0.99295300245285	2.36450329362198	3.13081318647284	0.755236148818517	0.00433159954270535	99.0075697618329
501	2.41372701672241		3.2077677239988		0.993394494056702	2.40382759766407	3.1828664754214	0.75523984943346	0.00426805605060182	99.0220570446895
500	2.45559691401604		3.26248456948329		0.993805527687073	2.4456974949577	3.23856134329989	0.755180228411448	0.00442108408868925	98.9871717712656
499	2.51325641085596		3.3376907093195		0.994185566902161	2.50335699179762	3.3145686539342	0.75525875405425	0.00432168217316728	99.0098306836462
498	2.57972686957473		3.42496846775981		0.994557678699493	2.56982745051639	3.40261202227598	0.75525138737312	0.00438785978643746	98.9947447560789
497	2.67643762358283		3.55256205855857		0.994921982288361	2.66653820452448	3.53080405746113	0.755221236049527	0.00444287898068042	98.9822042649454
496	2.77964355578762		3.688370688387		0.995278537273407	2.76974413672928	3.66723682316992	0.755267322587349	0.00437477426697965	98.9977275643539
495	2.87766308664596		3.81693661804906		0.99499124288559	2.86776366758761	3.7941002227386	0.755848158781016	0.00445218742324071	98.9800827544789
494	2.97015397983107		3.93842705945814		0.99477756023407	2.96025456077272	3.91414137303111	0.756297302179534	0.00447922163089469	98.9739215782721
493	3.02609503185363		4.01060065536115		0.994611084461212	3.01619561279529	3.98527100095384	0.756835761501135	0.00461272231595003	98.9435019983272
492	3.04682143557941		4.03610161961472		0.994498908519745	3.03692201652106	4.01018220836786	0.757302750529405	0.00456946150706866	98.9533584190352
491	3.05442160644748		4.04320359712541		0.99443906545639	3.04452218738913	4.01700338319536	0.757908793436799	0.00459249377869098	98.9481106890043
490	3.06684113764785		4.05670609951286		0.99444317817688	3.05694171858951	4.0304474677799	0.758462116930498	0.00460992287290279	98.9441397858262
489	3.09504512923437		4.0916652912677		0.994451105594635	3.08514571017603	4.06524480425036	0.758907730956423	0.00469757963440135	98.9241711976817
488	3.14733050500201		4.15824685838447		0.995079815387726	3.13743108594367	4.13406889831241	0.758920850889645	0.00478514110633593	98.9042283403382
487	3.24150508958665		4.28006735350316		0.995648920536041	3.2316056705283	4.25772369572301	0.758998446464371	0.00476829161396143	98.9080656406925
486	3.34509838751255		4.41426449652163		0.996206641197205	3.33519896845421	4.39379677861723	0.759069919820878	0.00476255160811065	98.9093729025873
485	3.473104221962		4.58080730591475		0.996731162071228	3.46320480290366	4.5621086002932	0.759123709304309	0.00474000858794267	98.9145071466342
484	3.59332502226288		4.73718008361022		0.997203469276428	3.58342560320453	4.72020585999353	0.759167229034677	0.00489714206519019	98.8787250456562
483	3.66835121825215		4.83150653587003		0.99762898683548	3.6584517991938	4.81632282613815	0.759594390006295	0.00480408209675717	98.8999149003361
482	3.71683227274593		4.8916552905125		0.998053252696991	3.70693285368758	4.87840274415409	0.759866097183077	0.00492951453552443	98.8713548638334
481	3.73350716281602		4.90952611563641		0.99850869178772	3.72360774375767	4.89847306742941	0.760156826933769	0.00499530745346661	98.8563776018669
480	3.74140127899541		4.9149335741109		0.998985171318054	3.73150185993707	4.90621254635148	0.76056669471281	0.0050173192809	98.8513672817466
479	3.8301332488557		5.02604499944816		0.999535739421844	3.82023382979736	5.01997633521679	0.761006342399894	0.00500391139671898	98.8544191467789
478	3.96259395389282		5.1972338171235		1.00016474723816	3.95269453483448	5.19435242676174	0.760960021593811	0.00502729379700369	98.8490969714543
477	4.13622105280841		5.42357948272298		1.00086104869843	4.12632163375007	5.4245092264164	0.760681097868838	0.00512695528145347	98.8264157772711
476	4.38286278766273		5.74423288720343		1.00160253047943	4.37296336860438	5.7496952022043	0.760555684226163	0.00511421852315597	98.8293141484949
475	4.67695669517899		6.1262755980792		1.00243234634399	4.66705727612065	6.13743072782496	0.760425246832009	0.00516323475602987	98.8181605015597
474	5.00198419632165		6.54522728097547		1.00333368778229	4.99208477726331	6.5632975625697	0.760606193711683	0.00513425565502149	98.824754545734
473	5.26895411712989		6.88557226252567		1.00434982776642	5.25905469807155	6.91177005599642	0.760883920539134	0.00518998314749922	98.812074434261
472	5.52688691639221		7.21481503464759		1.00542318820953	5.51698749733387	7.25018506338005	0.760944368882336	0.0052861729880767	98.7901914364725
471	5.74838615867121		7.49619553889434		1.0065370798111	5.73848673961286	7.54143733369621	0.760927457949228	0.00529267925280935	98.7887114491582
470	5.92315218580491		7.71488655364549		1.00769698619843	5.91325276674656	7.77050216068033	0.760987210925483	0.00530859325751285	98.7850915661513
469	6.06863244645407		7.89496512958609		1.00889205932617	6.05873302739572	7.96139739361164	0.761013767791236	0.00529239047312102	98.7887771377266
468	6.14284357897003		7.98660211652461		1.01006615161896	6.13294415991169	8.06322184247673	0.760607146835968	0.00542296126076273	98.7590807217253
467	6.13045620108984		7.96342787345315		1.01115047931671	6.1205567820315	8.04844523723549	0.760464487441031	0.0054529596465631	98.7522592887782
466	6.09559495855336		7.91032644544268		1.01216447353363	6.08569553949502	8.00276893881885	0.760448737933101	0.0055263184166732	98.7355799783453
465	6.02723726839682		7.81516400685808		1.01307439804077	6.01733784933847	7.91355670813378	0.760383487636309	0.00551011979841289	98.7392627555004
464	5.9611304449305		7.72658128016126		1.01387333869934	5.95123102587215	7.82998590990012	0.760056415727071	0.00563258899256953	98.711422629535
463	5.893934351449		7.63819995727223		1.01454770565033	5.88403493239066	7.74552687248777	0.759668777767828	0.00571860319112997	98.6918742734906
462	5.82349641227733		7.54360103186898		1.01511299610138	5.81359699321899	7.65381396289973	0.759568630933439	0.00573173116114887	98.6888910341483
461	5.7680901136706		7.4702811713221		1.01557767391205	5.75819069461225	7.58285555698291	0.759369692768266	0.0056809343602963	98.7004347523842
460	5.66791873955915		7.34144031490333		1.01598358154297	5.6580193205008	7.45498608948337	0.758957730113337	0.00592265148796172	98.6455159160781
459	5.55500249245174		7.19329687067107		1.01623845100403	5.5451030733934	7.30630718167848	0.758947432062324	0.00567373624501172	98.7020706538871
458	5.44399061545392		7.05428837513277		1.01637935638428	5.43409119639557	7.16603486411807	0.758312134874654	0.00593273394179929	98.6432258171775
457	5.37354439991509		6.96580959130662		1.01642441749573	5.36364498085675	7.07642057348794	0.757960175650362	0.0059319725616491	98.6433987529688
456	5.30653409744848		6.88306731868803		1.01638066768646	5.29663467839014	6.9920183378502	0.75752585626351	0.00600916499390143	98.6258672218953
455	5.24274590190258		6.80530505093234		1.01623702049255	5.23284648284424	6.91200524606383	0.757066335536157	0.00598181849063358	98.6320776565856
454	5.15443804092732		6.69782479013135		1.01600134372711	5.14453862186897	6.80120218510879	0.75641606907863	0.00604003067351477	98.6188580463857
453	5.05698754082843		6.5785643291821		1.01566588878632	5.04708812177009	6.67782783821994	0.755797879796112	0.00603546696086545	98.6198943719975
452	4.92782347884455		6.41888766966389		1.01526415348053	4.9179240597862	6.51307250939786	0.755085108094531	0.00622554350489607	98.5767411016604
451	4.75600315482407		6.20221352502187		1.01477611064911	4.74610373576573	6.29006589532524	0.754539589051527	0.00621731755628233	98.5786082561377
450	4.55373461315183		5.94545686100875		1.01419520378113	4.54383519409349	6.02606378056258	0.754030385265734	0.00631230413037432	98.5570500260459
449	4.32979262185916		5.65985560482574		1.0135600566864	4.31989320280081	5.73281588905155	0.753537752895725	0.00630418583378278	98.5588923769736
448	4.10468775215316		5.37490240772217		1.01285493373871	4.09478833309482	5.4402113784607	0.752689196840259	0.00643982361489625	98.5281155131944
447	3.90906198389188		5.12708162013819		1.01211142539978	3.89916256483353	5.18539562162841	0.751950834487928	0.0065157208101157	98.510898268813
446	3.74550921354931		4.92129197252299		1.01131975650787	3.73560979449096	4.97322049275574	0.751145017586181	0.00653390598843272	98.5067734161613
445	3.62014775164788		4.76571200488294		1.01049888134003	3.61024833258954	4.81197041073688	0.750264034154086	0.00662132793501822	98.4869463459287
444	3.55392326460782		4.68669104572603		1.00964379310608	3.54402384554947	4.72811548100574	0.749563723599155	0.00672904332250103	98.4625222637667
443	3.50377027408556		4.62698722516381		1.00880837440491	3.49387085502722	4.66397353945593	0.749118927341682	0.00683432317195371	98.4386562843485
442	3.47385268387308		4.59143881221992		1.00797557830811	3.46395326481473	4.62429138262267	0.749077637674758	0.0068384898319038	98.4377118596408
441	3.44526634365527		4.55843947153147		1.00718784332275	3.43536692459693	4.58744095462739	0.748863464091379	0.00693242403519869	98.4164229220484
440	3.4313774887303		4.54346211563428		1.00642335414886	3.42147806967195	4.56888537314282	0.748864939747527	0.00702116612262159	98.3963149378854
439	3.41182769632795		4.52032090478925		1.00571870803833	3.4019282772696	4.54241292482694	0.748925369306714	0.00712628610327995	98.3725012182672
438	3.4109863267024		4.5202572695356		1.00510931015015	3.40108690764406	4.53959656775047	0.749204661005685	0.00718472811919406	98.3592643462418
437	3.41424210061517		4.52391332420849		1.00464129447937	3.40434268155683	4.54115578898837	0.74966436734275	0.00724869761561595	98.3447775647989
436	3.4346643783656		4.54875740369906		1.00431418418884	3.42476495930726	4.56462845422473	0.75028340064294	0.00733872591719332	98.3243930192029
435	3.46182588948754		4.58234114379924		1.00416374206543	3.45192647042919	4.59766826583648	0.750799377171063	0.00737712934345676	98.3156988570864
434	3.514640928339		4.64766709568665		1.00418722629547	3.50474150928066	4.66337527726029	0.751546101462303	0.00741136866176944	98.3079480567522
433	3.57189340613757		4.71866849921154		1.00440275669098	3.56199398707923	4.73569019077885	0.752159419975362	0.00752100930724919	98.2831326679205
432	3.6378381812647		4.80021528843647		1.00481104850769	3.62793876220635	4.81955437350799	0.752753985336968	0.00760880686010457	98.2632656267157
431	3.70634251448706		4.88509159424967		1.00536251068115	3.69644309542872	4.90753090575704	0.753218505683256	0.00763540024914365	98.2572488032116
430	3.76051872276668		4.95120978246204		1.00603294372559	3.75061930370833	4.97732060269662	0.753541835676873	0.00772111220802678	98.2378587565647
429	3.81956242370263		5.02442024359528		1.0067173242569	3.80966300464428	5.05440879628464	0.753730685069371	0.00777023043482299	98.2267487913881
428	3.84834433276731		5.05997839775007		1.00732290744781	3.83844491370896	5.09326778088777	0.753631082997939	0.00791407326848816	98.1942204612715
427	3.87544760414338		5.09325215249993		1.00784730911255	3.86554818508504	5.12945414648034	0.75359835075969	0.00789799360309686	98.1978561497371
426	3.87468494545502		5.09256995035422		1.00823533535004	3.86478552639668	5.13074119158465	0.75326066587331	0.00803339996531946	98.167244335845
425	3.87496217934063		5.09475024819707		1.00844466686249	3.86506276028229	5.13400515441359	0.752835777143617	0.00810455640136197	98.1511615640804
424	3.83075924982976		5.04250140807381		1.00845658779144	3.82085983077142	5.08137515699402	0.751934213224224	0.008211683869809	98.126953591889
423	3.7762491426257		4.97758129114572		1.00823640823364	3.76634972356735	5.01481089856212	0.751045213817986	0.00832891858411988	98.1004684918165
422	3.70363071029868		4.89031102782256		1.00780355930328	3.69373129124033	4.92470669338451	0.750040869683107	0.00841399322555714	98.0812533160758
421	3.61724395527277		4.78521748576203		1.00717306137085	3.60734453621442	4.81577833407878	0.749067811258486	0.00851927244471443	98.057479893389
420	3.51960540585823		4.6662850033271		1.00632703304291	3.50970598679988	4.69204809396106	0.748011511501146	0.00858265303565776	98.0431705070134
419	3.57901562290599		4.75937366262311		1.00541400909424	3.56911620384765	4.78138371812042	0.746460943998588	0.00903095442761216	97.9420174548504
418	3.42986642916602		4.57591828005538		1.00442969799042	3.41996701010768	4.59243465764499	0.744695845462817	0.00924482019875184	97.8937983562156
417	3.31939224747855		4.44169313410734		1.00336182117462	3.30949282842021	4.45287574437748	0.743225955181662	0.00925657860139772	97.8911479446557
416	3.19793500919434		4.29415268059532		1.00222516059875	3.18803559013599	4.29996253989177	0.741410084520467	0.00942171695066431	97.8539323911532
415	3.11142709938376		4.19017497104986		1.00108110904694	3.10152768032541	4.19096396239178	0.740051145311059	0.00954012941081316	97.8272556870882
414	3.04337176518304		4.10804040106555		1	3.03347234612469	4.10430339644753	0.739095542680959	0.0096044056770787	97.8127781707836
413	2.98237343779006		4.03567321385471		0.998973429203033	2.97247401873171	4.02779714126906	0.737990001600517	0.00973989966489218	97.7822666705096
412	2.91241850642896		3.95116629280567		0.997905433177948	2.90251908737061	3.93916113376822	0.73683685150347	0.00983861988508894	97.7600421425625
411	2.83841339197857		3.86244021894145		0.996788322925568	2.82851397292023	3.84631030567295	0.735383717935714	0.00997017203758271	97.7304341302336
410	2.76518925897038		3.77320442828239		0.99567312002182	2.75528983991204	3.75315739054052	0.734125844777116	0.0100755032350178	97.7067340468751
409	2.70155429828715		3.6956234959752		0.994610667228699	2.69165487922881	3.67198968650139	0.733023540105139	0.0102527358021019	97.6668687410459
408	2.6532425431091		3.63725840831779		0.993608474731445	2.64334312405076	3.6102976598342	0.732167641870326	0.0103148084911215	97.6529104427055
407	2.61680958427031		3.59329690947002		0.992691278457642	2.60691016521196	3.56332481104782	0.731594873734057	0.0104911971272103	97.6132567815692
406	2.59072570986281		3.56328312785167		0.991901516914368	2.58082629080447	3.53071919916211	0.730963337842594	0.0105594539423251	97.5979163921751
405	2.57199753610952		3.54199017139378		0.991254270076752	2.56209811705118	3.50730856017906	0.730502627040141	0.0106914170513681	97.5682651566975
404	2.5648211689507		3.53594086721873		0.990834653377533	2.55492174989235	3.49982998985876	0.730013102720872	0.0108114009017019	97.5413134001143
403	2.57027740672187		3.54656374315285		0.990659058094025	2.56037798766352	3.50973339978724	0.729507827522948	0.0109467503185537	97.5109190400627
402	2.58220007513126		3.5651965189573		0.99070817232132	2.57230065607291	3.52836704624745	0.729034315975899	0.0110821793303	97.480516285398
401	2.60435840023803		3.5969110207837		0.991027057170868	2.59445898117968	3.56093267114351	0.728589732180063	0.0111686964320749	97.4610988345639
400	2.61709323905433		3.61447457051821		0.991591811180115	2.60719381999599	3.58037780266705	0.728189583248412	0.0112537027153956	97.4420242311129
399	2.63110669114677		3.63368738782425		0.992447733879089	2.62120727208843	3.60253603190656	0.727600570507331	0.0113903652030866	97.4113662905063
398	2.65066877602954		3.65914887453892		0.99357545375824	2.6407693569712	3.63192750732992	0.727098586533357	0.0115185842714971	97.3826112599995
397	2.64894544839971		3.6545198462371		0.99498325586319	2.63904602934137	3.63246779820362	0.72651601499302	0.0116485412380284	97.3534751416183
396	2.65045627603039		3.65368108891624		0.996666491031647	2.64055685697205	3.63777696295922	0.725871015144379	0.011808359693166	97.3176560828949
395	2.64635643473818		3.64430230477402		0.998634338378906	2.63645701567984	3.6355935198465	0.725179259256451	0.0119558083674256	97.2846210701396
394	2.63519935470464		3.62512761002642		1.00088000297546	2.62529993564629	3.62457743991648	0.724305102916158	0.0121236729005182	97.2470256538918
393	2.63843471846124		3.62546003190009		1.00338685512543	2.6285352994029	3.63398927847991	0.72331949765752	0.0122332249246459	97.2224979074984
392	2.63924262861426		3.62189443132841		1.00611889362335	2.62934320955592	3.64029654711697	0.72228819150415	0.0123312549120778	97.2005550897157
391	2.64117277997374		3.61993162616047		1.00907671451569	2.63127336091539	3.64901778775535	0.72109085621476	0.0125063579784181	97.1613727255626
390	2.64964815835784		3.62605943375317		1.01226460933685	2.6397487392995	3.66674879862061	0.719915348521431	0.0126561753480504	97.1278610153393
389	2.6593973038267		3.6343944068644		1.01579105854034	2.64949788476835	3.68798932582518	0.718412568663151	0.0128079630398523	97.0939203635218
388	2.67709071195912		3.65273991460359		1.0196373462677	2.66719129290078	3.72065964366081	0.716859790560282	0.0129812004517597	97.0551979162764
387	2.69125008690255		3.6666071508763		1.02374601364136	2.6813506678442	3.74984871071786	0.715055692828443	0.0131417645247044	97.0193220344479
386	2.71005791153442		3.68728046622339		1.02809154987335	2.70015849247608	3.78701990646772	0.713003511775731	0.0132969365658558	96.9846635304077
385	2.72398856333423		3.70164716538473		1.03263711929321	2.71408914427588	3.81859929581924	0.710755157590738	0.013482641178019	96.9432016883282
384	2.74558148316982		3.72613536108766		1.03739488124847	2.73568206411148	3.86159700096934	0.70843282285147	0.0136165375342898	96.9133179544845
383	2.76294962274886		3.74510385466421		1.04228162765503	2.75305020369052	3.89955793012072	0.705990333526163	0.0138367685971469	96.8641855956492
382	2.77358213003059		3.75554544397796		1.04716074466705	2.76368271097225	3.92874651920829	0.703451520086661	0.0140279055963288	96.8215641556623
381	2.78040836291347		3.76059916710229		1.05201208591461	2.77050894385513	3.95226440004876	0.700992814099418	0.0141956010200203	96.7841853733546
380	2.78389821885656		3.76249025596192		1.05682492256165	2.77399879979822	3.97234411377986	0.698327919319819	0.0144571409325231	96.7259177507865
379	2.78789813339136		3.7650488497017		1.061567902565	2.77799871433301	3.99288792627838	0.695736711278615	0.0146072686944032	96.6924871257712
378	2.78269016222076		3.75550788294295		1.06622624397278	2.77279074316242	4.00023657184284	0.693156690451695	0.0148057640569664	96.6483036842342
377	2.78365401719738		3.75418987757712		1.07074952125549	2.77375459813904	4.01579561821225	0.690711097337632	0.0150276978605095	96.5989269435995
376	2.78247589220209		3.75028390835445		1.07512474060059	2.77257647314374	4.02800526802756	0.688324937196873	0.0151849790548677	96.563949654144
375	2.78044301867505		3.74614831266785		1.07931578159332	2.77054359961671	4.03924358599149	0.685906541815214	0.0154924474464885	96.4956092629332
374	2.78218718370715		3.74699082975433		1.08323669433594	2.7722877646488	4.05482989960101	0.683700138672055	0.0156600530875596	96.4583762593068
373	2.78761471054093		3.75330213344004		1.08680582046509	2.77771529148258	4.07504920621671	0.68163969339193	0.0158884930681338	96.4076522544816
372	2.78956505233001		3.75525639368614		1.08998930454254	2.77966563327167	4.08911600986823	0.67977177134704	0.016100493691045	96.3606023943585
371	2.79627492779148		3.7634755342783		1.09271693229675	2.78637550873314	4.10832995236829	0.678225834107336	0.0163317816583435	96.3092982326902
370	2.80249965921192		3.77183477496755		1.09493815898895	2.79260024015358	4.1258340355569	0.676857143570642	0.0165442163559888	96.262200158774
369	2.80607380470545		3.77660234086647		1.09609699249268	2.79617438564711	4.1354263481418	0.676151417109274	0.016794358189292	96.2067717085494
368	2.82162740571752		3.79757237252096		1.09620356559753	2.81172798665918	4.15881585758524	0.676088599001296	0.0170303311200363	96.1545121741848
367	2.83081662687221		3.81067869571078		1.09532988071442	2.82091720781386	4.16985698839137	0.676502147595739	0.0173739901014089	96.0784548157246
366	2.84424609459199		3.82876004329478		1.09350752830505	2.83434667553364	4.18269148873331	0.677637039013842	0.0175278445485317	96.0444238065907
365	2.86299875564987		3.85473855881597		1.09079897403717	2.85309933659152	4.20066854433468	0.679201252486206	0.017841280611225	95.9751322849194
364	2.87023918530843		3.86488106365826		1.08727586269379	2.86033976625009	4.19812873777797	0.681336839556769	0.0180525553798175	95.9284538367238
363	2.89327974918121		3.89627980620858		1.08299589157104	2.88338033012287	4.21560786188702	0.683977358565839	0.0182745822271816	95.8794243195026
362	2.91116430721522		3.92094274556315		1.07849431037903	2.90126488815687	4.2246841041934	0.686741260790859	0.0185794031579953	95.8121524511087
361	2.92866643116872		3.94496078745937		1.07380759716034	2.91876701211038	4.23211604012406	0.689670837103233	0.0187865357905475	95.7664666496348
360	2.95321500284797		3.97865793087941		1.06893277168274	2.94331558378963	4.24892324292831	0.692720347134614	0.0190678216681335	95.7044602598815
359	2.97284106478127		4.00528395616364		1.06376707553864	2.96294164572293	4.25671389827623	0.696063140847398	0.0192938547300179	95.6546628420692
358	2.99625905785176		4.03739390476581		1.05833911895752	2.98635963879341	4.26897688987933	0.699549263401571	0.0195486416755613	95.5985617107608
357	3.01195439470311		4.05909197596817		1.05269610881805	3.00205497564476	4.26905639821626	0.703212770133258	0.0198674849683313	95.5284024635258
356	3.02799193126012		4.08111144609503		1.04688131809235	3.01809251220177	4.2685271296495	0.707057123108785	0.0200561043144703	95.486922331265
355	3.05119449464397		4.11298690983485		1.0409619808197	3.04129507558562	4.27757292101768	0.7109861437177	0.0204058088060047	95.4100648842741
354	3.05591508788682		4.11982055238567		1.03497338294983	3.04601566882848	4.26003691393722	0.715020956476474	0.0206231493995585	95.3623293197524
353	3.07773087149106		4.14984156056649		1.02894842624664	3.06783145243271	4.26612775789722	0.719113825588958	0.0209245758403318	95.2961651023095
352	3.08542576892125		4.16129530807932		1.02306663990021	3.0755263498629	4.25345920371136	0.723064734505823	0.0212817736402604	95.2178182953332
351	3.10163995342677		4.18370360877103		1.01734268665314	3.09174053436843	4.25245845518941	0.727047792929164	0.0215431830311526	95.1605222823505
350	3.11585408911216		4.20378742216734		1.01178658008575	3.10595467005382	4.24955464815997	0.730889452474431	0.021828239397755	95.0980825934602
349	3.12054819309731		4.21091820827166		1.00650131702423	3.11064877403897	4.23453342243698	0.734590677111431	0.0220801085756639	95.0429464297279
348	3.12717274141068		4.22117664328926		1.00149571895599	3.11727332235234	4.22374774308456	0.738034918741578	0.0224430771956252	94.9635459386118
347	3.13883160366879		4.2376285475204		0.99670946598053	3.12893218461044	4.21995977874571	0.741460191248658	0.022709590974634	94.9052874747935
346	3.14395444300378		4.24589903088579		0.99214780330658	3.13405502394544	4.20885173563216	0.744634218737742	0.0231321689056886	94.8129874881111
345	3.15196661338193		4.25815800300477		0.987797260284424	3.14206719432358	4.20250540630296	0.747665235507152	0.0233995235195378	94.7546379352102
344	3.15691448933872		4.26649861576441		0.983641147613525	3.14701507028037	4.19302772319092	0.750535240412261	0.0238199479302834	94.6629538630934
343	3.16397900347065		4.27731940429539		0.979665756225586	3.1540795844123	4.18668233337229	0.753360138950822	0.024084034745478	94.6054084882694
342	3.1646577388195		4.27971513182488		0.975760638713837	3.15475831976115	4.17233114852977	0.756114078067081	0.0243817021788925	94.5405877233565
341	3.1713662593005		4.29110222894735		0.971918165683746	3.16146684024216	4.16696814444645	0.758697146378626	0.0247659360522044	94.4569817066585
340	3.16887476761124		4.29026262934133		0.968130171298981	3.15897534855289	4.14991478734085	0.761214509316967	0.0251268498653422	94.3785172788196
339	3.17774897411875		4.30469474598288		0.964619815349579	3.1678495550604	4.14878906230172	0.76356004306059	0.0254370957430603	94.3111204061793
338	3.16300511431438		4.28886894038206		0.961340546607971	3.15310569525604	4.11947107741468	0.765415179764991	0.0258247578181827	94.2269735117098
337	3.16350974077721		4.29458687248812		0.958259046077728	3.15361032171886	4.11174570124795	0.766976012344761	0.026264205589152	94.1316766735581
336	3.13997430385953		4.26785442630587		0.955322027206421	3.13007488480119	4.07360529953306	0.768379520018785	0.026642505547545	94.049717298094
335	3.12299779025549		4.25008242930657		0.952541172504425	3.11309837119715	4.04481884969164	0.769650876066917	0.0269947593946458	93.9734650217641
334	3.10338455791199		4.22938898456504		0.949889779090881	3.09348513885364	4.01390362574682	0.770692429935478	0.0272446097230771	93.9194174813685
333	3.07744372549611		4.20136007842704		0.94739955663681	3.06754430643777	3.97682623905511	0.771354874978549	0.0276731436114783	93.8267895423168
332	3.04072130132644		4.16085170456546		0.944806516170502	3.0308218822681	3.92766905697853	0.771659179605026	0.0280311391303854	93.7494785673536
331	2.99055605494486		4.10322729073322		0.942112147808075	2.98065663588651	3.86217959837033	0.771755056948729	0.0285630772826307	93.6347214189292
330	2.93970468796055		4.04535865082773		0.939315378665924	2.92980526890221	3.79635736703387	0.77174116808484	0.0289738880380263	93.5461917117958
329	2.89057186344985		3.98977265251469		0.936610460281372	2.8806724443915	3.73336268287446	0.771602624520145	0.0294112257658517	93.4520374257811
328	2.83859952479033		3.93038445695121		0.933943271636963	2.82870010573198	3.66726596819701	0.771337593254165	0.0298366889606597	93.3605305462848
327	2.80022462259992		3.88793427401536		0.931326270103455	2.79032520354157	3.61745495525385	0.771350365949688	0.0302665690880227	93.2681646930773
326	2.74519803590573		3.8233775481991		0.92875337600708	2.73529861684739	3.54750404998445	0.771048765077344	0.0306819512813881	93.17900073884
325	2.6983901991787		3.77072441120246		0.926237106323242	2.68849078012036	3.48912351503087	0.770534711235802	0.0311723049251953	93.0738534714504
324	2.65805113683989		3.72451900367224		0.923812508583069	2.64815171778155	3.43730495243701	0.770415123017827	0.0315901851739376	92.984340431808
323	2.60764489924833		3.66499737305071		0.921528518199921	2.59774548018999	3.37395584206587	0.769940568812955	0.0320750847062782	92.8805792662477
322	2.5719991718517		3.62504172135489		0.919212281703949	2.56209975279336	3.32874777141697	0.769688762481013	0.0325158196087562	92.7863691153302
321	2.5284351583539		3.5727852762512		0.916910946369171	2.51853573929556	3.27249942838043	0.76960616630023	0.0329642033959351	92.6906220222875
320	2.50877934788557		3.55224260055203		0.914670467376709	2.49887992882722	3.24571327192183	0.769901626999727	0.0333441319039533	92.6095700817664
319	2.47156397938193		3.50771219301512		0.912529110908508	2.46166456032359	3.19747936331348	0.769876606106571	0.0337854000293336	92.5155212296856
318	2.45255477535632		3.48901264475		0.910539090633392	2.44265535629798	3.17347971197249	0.769708830052592	0.0342373782663587	92.4192887131546
317	2.42060259042541		3.45251307214194		0.908678650856018	2.41070317136706	3.13382918414216	0.769251618296789	0.0347841990528516	92.3029966852234
316	2.3987614284033		3.43071441500248		0.906927943229675	2.38886200934496	3.10802157429454	0.768611784777326	0.035376816956874	92.1771302354511
315	2.36165400667658		3.38617958852028		0.905307412147522	2.35175458761823	3.06215034237013	0.768007551777473	0.0358878319874336	92.0687332851815
314	2.34730939003468		3.37326445185313		0.903821349143982	2.33740997097633	3.04545084333772	0.767508684663124	0.0363851915883942	91.963355344665
313	2.31671317433662		3.3368824573696		0.902508914470673	2.30681375527828	3.00819348433569	0.766843544901733	0.0368592499320142	91.8630266217279
312	2.29500820616163		3.3132839833428		0.901354432106018	2.28510878710329	2.98307483753667	0.766024626117078	0.0373608537466436	91.7569874097651
311	2.2632133332418		3.27563283603231		0.900331139564514	2.25331391418346	2.94578970243361	0.764926943807944	0.037892711451632	91.6446862119638
310	2.23485253013247		3.24393771897146		0.899488806724548	2.22495311107413	2.91452427410181	0.763401811693543	0.0384668548746794	91.5236106951824
309	2.20204691502918		3.20592737976787		0.898925364017487	2.19214749597084	2.87853014863487	0.761550994006593	0.0390581320638467	91.3990891923491
308	2.16941396838223		3.16820333206705		0.898677170276642	2.15951454932389	2.84383364458761	0.759367395991632	0.0396668959602086	91.2710620363102
307	2.14152313597415		3.13629094205784		0.898729979991913	2.1316237169158	2.81532013751888	0.757151447364129	0.040196587248126	91.1598102984105
306	2.11977523567042		3.11206453834605		0.899035274982452	2.10987581661208	2.79449609902071	0.755011186936868	0.0406361520994913	91.067590897726
305	2.09594785539454		3.08471230456863		0.899677276611328	2.08604843633619	2.77188346716634	0.752574363621692	0.0410856697412523	90.9733799141568
304	2.05718146150647		3.03644718024977		0.900652170181274	2.04728204244813	2.73141700121357	0.749531119392798	0.0415615083366219	90.8737587101532
303	2.02787296552983		3.00422957783944		0.901984810829163	2.01797354647149	2.70639872605143	0.745630541075394	0.0421964337764828	90.7410010819624
302	1.97845298281715		2.94264718062457		0.903549313545227	1.9685535637588	2.65545027210181	0.741325712042305	0.0428932815114064	90.5955192469352
301	1.94532576126983		2.90422085021171		0.905354738235474	1.93542634221149	2.6259667927837	0.737033822183183	0.0435101004513756	90.4669397462687
300	1.89951680149194		2.84736944663029		0.907451450824738	1.88961738243359	2.58045838511632	0.732279735000807	0.0441814142287882	90.3272078557522
299	1.86267988757663		2.80265706887926		0.910263776779175	1.85278046851829	2.54775554859745	0.727220658802313	0.044770116732249	90.2048488782509
298	1.82096113774333		2.75041618774035		0.913794457912445	1.81106171868499	2.50990021520067	0.721567219173369	0.0453437253005411	90.0857865339998
297	1.77435210472645		2.69233232566775		0.917980194091797	1.7644526856681	2.46807725465153	0.714909828022066	0.0460543686432668	89.9384981890485
296	1.73653632118614		2.6461648942116		0.922788560390472	1.7266369021278	2.4384022281737	0.708101757034977	0.0466790216843471	89.8092311236534
295	1.68698621152085		2.58224591253342		0.928298592567444	1.67708679246251	2.39362619014048	0.700646909434126	0.0472829071910213	89.6844383705801
294	1.64005089676699		2.52374294645859		0.934404373168945	1.63015147770865	2.35470457246756	0.692295541771667	0.0480312887126869	89.5300261387261
293	1.58726460547401		2.45572636958193		0.941053092479706	1.57736518641567	2.30745217462664	0.683596047519768	0.0487564438006285	89.3806597877243
292	1.54063081659785		2.39524635273376		0.947771847248077	1.5307313975395	2.2666052325747	0.675340979337944	0.0493561326192616	89.257325058022
291	1.49309215711984		2.33352779829287		0.954483270645142	1.48319273806149	2.22374633666571	0.666979283385978	0.049995130184814	89.126093193258
290	1.44036422764303		2.26457899485744		0.961205065250397	1.43046480858468	2.17313277274892	0.658250074051023	0.0506858948328935	88.9844468637388
289	1.38508100032486		2.19196177102651		0.967701375484467	1.37518158126652	2.11754811632267	0.649421645093315	0.0513794949095142	88.8424456120887
288	1.32302022176425		2.11099831920159		0.973872363567352	1.31312080270591	2.05220355708755	0.639858944874586	0.0522061751821606	88.6734947184478
287	1.26253858138093		2.03112235516529		0.979641914367676	1.25263916232258	1.98611166597111	0.630699262173713	0.0530019433551685	88.5111649176905
286	1.21155006840107		1.96454893013833		0.985037505626678	1.20165064934273	1.93147328811757	0.622141997373344	0.0537267448000135	88.3635703254876
285	1.15885235132649		1.89472804418685		0.990005016326904	1.14895293226814	1.87209061500237	0.613727200521586	0.0543927246030505	88.2281708271692
284	1.11012788863055		1.82970344727871		0.994526863098145	1.10022846957221	1.81597267834182	0.605861796652602	0.0550726570685352	88.0901486668705
283	1.06497636293206		1.76975820826043		0.998537302017212	1.05507694387372	1.76343804799028	0.598306782070484	0.0557181479223333	87.9593177397035
282	1.01618972830035		1.70400446096457		1.00214016437531	1.006290309242	1.70390630818512	0.590578428172986	0.0562289133141456	87.855931284262
281	0.969147835482945		1.64084491531851		1.00528156757355	0.959248416424601	1.64575440675604	0.582862432260097	0.0569784336378559	87.7044372668505
280	0.923344687777782		1.58050578592094		1.00794303417206	0.913445268719438	1.58929310961424	0.574749404747089	0.0579756655844096	87.5032803746662
279	0.879933570397533		1.52180598604563		1.00999760627747	0.870034151339189	1.53324603740596	0.567445882861153	0.0586739575437518	87.362698941905
278	0.844624596844773		1.47413614828445		1.01076138019562	0.834725177786429	1.48622266789074	0.561642071420618	0.0593280677323264	87.2312171449384
277	0.812474665637789		1.43063592720582		1.01021814346313	0.802575246579445	1.4414791804862	0.556772000209355	0.059978687229168	87.100633308005
276	0.784059309306018		1.39347522331378		1.00850391387939	0.774159890247674	1.40155643282246	0.552357273755056	0.0607076700167246	86.954553619164
275	0.756995426967871		1.35733308936396		1.00567150115967	0.747096007909527	1.3612730065103	0.548821584161687	0.0613998252620386	86.8160804915578
274	0.733635936094414		1.32724624561211		1.00166654586792	0.72373651703607	1.32571492985083	0.545921676477994	0.0620867043693603	86.6788809134617
273	0.71401715412935		1.30200060820078		0.996584177017212	0.704117735071006	1.29382896492793	0.544212375945863	0.0627360839974541	86.549371005398
272	0.69736683528719		1.28165577490805		0.990479826927185	0.687467416228846	1.26575276242388	0.543129303476587	0.0634694291040125	86.4033479665707
271	0.683984230360196		1.26609879407422		0.984030902385712	0.674084811301851	1.24220301081583	0.542652694795144	0.0641106288698528	86.2758747178285
270	0.670387559882299		1.24841157490661		0.977289319038391	0.660488140823954	1.21640716322174	0.542982778130476	0.0646568807610596	86.1674258765674
269	0.658550297966708		1.23551064722379		0.969450056552887	0.648650878908363	1.19414302748452	0.543193624196556	0.0653085270727819	86.0382310964744
268	0.643646121695695		1.21613274355366		0.960526764392853	0.633746702637351	1.16453855628353	0.544204139242815	0.0659568118405833	85.9098949847615
267	0.634288515226739		1.20620602240192		0.95069831609726	0.624389096168394	1.14318527036628	0.54618364350368	0.0664724497519334	85.8079546808535
266	0.621820818133003		1.19090090008759		0.940096080303192	0.611921399074658	1.11604812480841	0.548293022023316	0.0671258583110227	85.6789512101517
265	0.611415929258563		1.17827887255013		0.928679645061493	0.601516510200218	1.09077312502106	0.55145886564505	0.067620160752149	85.5814891790398
264	0.598674463550198		1.16187894128021		0.916590332984924	0.588775044491854	1.06154170336901	0.554641464035999	0.0682339322642609	85.4606256125754
263	0.584918836163756		1.1433235199066		0.903754353523254	0.575019417105412	1.02990627440845	0.558322083663084	0.0688015409341199	85.3490043312898
262	0.573097962187553		1.12735144050265		0.890914976596832	0.563198543129208	1.00104492885002	0.562610655024445	0.0692800738371174	85.2550132366159
261	0.558190505276905		1.10575024582578		0.878135800361633	0.548291086218561	0.967717279577097	0.566581891002473	0.0698634283435678	85.1405735848954
260	0.544323659629189		1.08564914269565		0.865367650985718	0.534424240570845	0.936251765501178	0.570812531696286	0.0703546362614232	85.0443299452856
259	0.52792131594473		1.06113109164616		0.85245943069458	0.518021896886385	0.901385561447826	0.574695134959037	0.0709172651321609	84.9342262785947
258	0.510138933813636		1.03419213759121		0.839563012123108	0.500239514755292	0.865132015296687	0.578223329977842	0.071613644108694	84.7981457674093
257	0.492408010422571		1.00608894403895		0.826433718204498	0.482508591364227	0.828377440245131	0.582474326221927	0.0721795989381528	84.6877122593893
256	0.477438309859829		0.983213004188951		0.81306129693985	0.467538890801485	0.796374026532599	0.587084554775276	0.0727489714853716	84.5767569833977
255	0.461900851120644		0.958009606157334		0.799651682376862	0.4520014320623	0.763085691267059	0.592333780118165	0.0732819572704654	84.4730242365989
254	0.444754552971384		0.930706620121412		0.786224722862244	0.434855133913039	0.728806429050877	0.596667532803395	0.0740367856658205	84.3263328542717
253	0.427688235290554		0.903302935233353		0.772798895835876	0.41778881623221	0.695183557911104	0.600976262280406	0.0747744728083286	84.183218786597
252	0.410212911874054		0.874284716355164		0.759391844272614	0.400313492815709	0.661086832343375	0.605538445527202	0.0755713086199826	84.0289025217171
251	0.392494731097684		0.845322797830753		0.746072351932526	0.38259531203934	0.627883892095226	0.609340861990635	0.0764961378316712	83.8501535358673
250	0.37511647188978		0.816078867893895		0.732924580574036	0.365217052831436	0.595385319424203	0.613412929268457	0.0774004855862756	83.6757308699468
249	0.357114459327436		0.785748322971145		0.720633029937744	0.347215040269091	0.563543185790424	0.616128539966442	0.0784710678807789	83.4697152836345
248	0.339157396105731		0.754636476171633		0.708929538726807	0.329257977047387	0.532334815998708	0.618516706313244	0.0796280470043137	83.2476443173348
247	0.32348648247206		0.727609402610194		0.697923898696899	0.313587063413716	0.505207846165774	0.620709012723486	0.0808053450597068	83.0222797932514
246	0.306207953183192		0.696835360985115		0.6875981092453	0.296308534124847	0.476573119359041	0.621748315396727	0.0822241216469443	82.7515006800691
245	0.290666899473318		0.66886481055977		0.678074300289154	0.280767480414974	0.451006071616814	0.622535921541919	0.0835915709510309	82.4913534198847
244	0.271850899182292		0.63422912039055		0.669374763965607	0.261951480123948	0.422035511177415	0.620685874023119	0.0855886661377799	82.1128892955795
243	0.25449959462516		0.601608318213768		0.661558091640472	0.244600175566815	0.395526605268987	0.61841649160483	0.0877695874030522	81.7015719680273
242	0.237739204982658		0.569671837628489		0.653966724872589	0.227839785924314	0.370102549235174	0.61561258195911	0.0903076089519586	81.2254995577215
241	0.222513471095743		0.539613219584535		0.646870613098145	0.212614052037399	0.346642575720104	0.613352389260672	0.0929138583795356	80.7395159914734
240	0.209820807572242		0.514514650959238		0.640305876731873	0.199921388513898	0.327053928655557	0.611279581125132	0.0955013792628293	80.2599011918431
239	0.195658919506271		0.485642898144916		0.63483726978302	0.185759500447927	0.305931821738963	0.607192476389158	0.098766967236231	79.6586666458456
238	0.181578035773473		0.456468793952408		0.630380034446716	0.171678616715129	0.285393080955737	0.601551432642321	0.102666264050295	78.9466554433746
237	0.165447374827186		0.422153654319017		0.626808166503906	0.155547955768842	0.26226697303379	0.59309014005664	0.107579658336117	78.0585251983664
236	0.151107038275601		0.391114764367358		0.624054491519928	0.141207619217256	0.241744830886504	0.584118463668626	0.112993847403284	77.0914390436788
235	0.136841605593345		0.359856257717359		0.622274458408356	0.126942186535	0.221603915351181	0.572833680911424	0.1194495946486	75.953957169802
234	0.122697491918477		0.327852343965846		0.621340751647949	0.112798072860133	0.20138606857101	0.560108619531247	0.126580800612719	74.7169610139025
233	0.112523281601466		0.304553515933943		0.621121406555176	0.102623862543121	0.186843574623569	0.549250156179447	0.132579335574304	73.6920544672793
232	0.100052692776479		0.2756591511202		0.621190249919891	0.0901532737181344	0.168915386144444	0.533718542614241	0.141798130445223	72.1442743592311
231	0.0886096134459823		0.248693315656661		0.621524631977081	0.078710194387638	0.152246381068756	0.516992219027469	0.152268379635354	70.4257726469793
230	0.0785983193117911		0.224744689043371		0.621933937072754	0.0686989002534468	0.137452179297993	0.499802190145777	0.163296882437061	68.6598922537707
229	0.068114384951217		0.199180891576244		0.62280935049057	0.0582149658928728	0.121724280293805	0.478252701534645	0.177707980299992	66.4189521460642
228	0.0583483066134703		0.174769883411151		0.623824656009674	0.0484488875551261	0.106694526779471	0.454089717790924	0.195093167799772	63.8126576261608
227	0.0503778531922547		0.154318104890272		0.624672889709473	0.0404784341339105	0.0940639310427013	0.4303289654728	0.213537987631018	61.1592304787185
226	0.0448511291619092		0.139750678266962		0.625293791294098	0.034951710103565	0.0850485056637868	0.410962071946753	0.229604700485309	58.9379871190112
225	0.0396505796755485		0.125718366692784		0.625641524791718	0.0297511606172042	0.0763166053646272	0.389838626535581	0.248407634487974	56.4406966345024
224	0.03535735745607		0.113863103793072		0.625679969787598	0.0254579383977258	0.0689036944046743	0.369471312353881	0.267937318765763	53.9588495096126
223	0.030922885199009		0.101225017715337		0.625520944595337	0.0210234661406648	0.0609807940393578	0.344755532817365	0.2934407195086	50.8814267225904
222	0.0269530739660923		0.0894173303845883		0.62475597858429	0.0170536549077481	0.0535292957697147	0.318585452368244	0.323248064740228	47.5063796659141
221	0.0237488595013567		0.0794982170743086		0.623277485370636	0.0138494404430124	0.0472202579883876	0.29329446794675	0.355039117875725	44.1530675906277
220	0.0212919367893113		0.0715042664531746		0.621200323104858	0.011392517730967	0.0420970449479312	0.270625117393825	0.386767051270956	41.042418903539
219	0.0192606396859167		0.0646663914957562		0.618524014949799	0.00936122062757243	0.0376862890000485	0.248398578792419	0.420888005110586	37.9412814486911
218	0.0182102775322921		0.0596282968045838		0.6152663230896	0.00831085847394782	0.0343880298363551	0.241678820028287	0.431157022767839	37.0546723322302
217	0.0168731126587899		0.0545778896058311		0.611503660678864	0.00697369360044565	0.0310893872822011	0.224311065932076	0.461451498297275	34.5579921545777
216	0.0157081073133321		0.0499310983570037		0.607404947280884	0.00580868825498787	0.0280585210722171	0.207020471251405	0.494593760072313	32.0188876249627
215	0.0149024170756915		0.0465423364686891		0.602963209152222	0.00500299801734726	0.0258100402615068	0.193839217864715	0.522307691564492	30.0394729389942
214	0.0141499159724362		0.0431171638673241		0.598491311073303	0.0042504969140919	0.023568683139393	0.18034511682104	0.552547024390781	28.0190222182179
213	0.0135523993427436		0.0402282160105206		0.594147801399231	0.00365298028439938	0.0216811730192503	0.168486284443926	0.580791034040418	26.2548152119795
212	0.0130537375882207		0.0375095785549531		0.590187430381775	0.00315431852987644	0.0199321486292185	0.158252809998242	0.606554441964773	24.742612752868
211	0.0127026265113613		0.0355020216476917		0.586437284946442	0.00280320745301708	0.0186281903431596	0.150482006108899	0.62756689563896	23.5739905097906
210	0.0123712593061119		0.0334754616353427		0.583247244358063	0.00247184024776767	0.0173448731068156	0.142511290370661	0.64936620448525	22.419906419165
209	0.0120935996526041		0.0316447111772649		0.579938590526581	0.00219418059425983	0.0161847560067994	0.1355708169674	0.669242449474543	21.4169464370228
208	0.0117976609235467		0.0294089329021258		0.577307462692261	0.00189824186520248	0.0148205957801162	0.128081346618279	0.689965579940842	20.41899769258
207	0.0115348743931484		0.0273298093657405		0.575665593147278	0.00163545533480416	0.0135815659391059	0.120417287825046	0.713188198019294	19.3558301285893
206	0.011284847786634		0.0252133763736328		0.574895739555359	0.00138542872828979	0.0123466746234103	0.112210677817888	0.754455943325952	17.6012720951377
205	0.0111102785143366		0.0236099228392379		0.574898242950439	0.00121085945599233	0.0114249057676774	0.10598419633517	0.775809424000338	16.7567803148581
204	0.0109462845841752		0.0220550022674481		0.567570567131042	0.00104686552583097	0.0103967563145924	0.100691551687293	0.798011876442215	15.9216518628063
203	0.0108079270884665		0.0206634079584335		0.570808053016663	9.08508030122223E-4	0.00966172733531757	0.094031636227329	0.820521287141748	15.1174559864604
202	0.0106580141595306		0.01914562684992		0.576338827610016	7.58595101186334E-4	0.0088805872722203	0.0854217269571039	0.850993351225548	14.0931037390919
201	0.0105155500945481		0.0175872761977301		0.582763433456421	6.16131036203834E-4	0.0080714318200972	0.0763347879207403	0.887973784479258	12.9427396595621
200	0.0103851150097727		0.0160652832819824		0.590864896774292	4.85695951428396E-4	0.00728434710018835	0.0666766622661126	0.933604221973789	11.6518739565438
