Wavelength	I	I dark	R	R dark	XCorrect	Ic	Rc	Ic/Rc	Abs	Percent T
nm	uA	uA	uA	uA		uA	uA	uA/uA	OD	T*100
	Abs Detector Raw	Dark Offset for Abs Detector	Ref Detector Raw	Dark Offset for Ref Detector	Linear interp	Dark subtracted Abs Detector	Corrected Ref Detector	Corrected Intensity 	-Log(T)	% Transmittance
800	0.168024589248651	0.00989297055106107	0.182646157107096	0.00373360522685676	1.26322114467621	0.15813161869759	0.226006118583097	0.699678485206356	0.00104453777058624	99.759775292518
799	0.173051334643299		0.188449977693952		1.25946629047394	0.163158364092238	0.232644044420934	0.701321903590308	0.0010880579232052	99.7497789805621
798	0.175367859711862		0.19111598472523		1.25578379631042	0.165474889160801	0.235311755888148	0.703215564119361	0.00100771909870925	99.7682330977319
797	0.174874927966395		0.190628462792669		1.25213968753815	0.164981957415334	0.234018468554942	0.70499545798284	9.7978614404951E-4	99.7746501978127
796	0.173059315752886		0.188644906053158		1.24854493141174	0.163166345201825	0.23087006740743	0.706745343968196	9.62172046203747E-4	99.7786969360604
795	0.171411203080944		0.186900145928294		1.24499154090881	0.161518232529883	0.228040793750819	0.708286573964369	9.72278801778459E-4	99.776374946697
794	0.172303434446397		0.188139654361451		1.24150061607361	0.162410463895336	0.228940223608299	0.709401176148098	0.00102847685609385	99.7634646390662
793	0.177194674737522		0.193944034755128		1.23799812793732	0.167301704186461	0.235480155670153	0.710470501050658	0.0010735642496205	99.7531079771796
792	0.184730137086867		0.202787307691899		1.23457276821136	0.174837166535806	0.245746280474989	0.711453968694351	9.84777216763536E-4	99.7735035572418
791	0.191774607655032		0.211000136295252		1.23109483718872	0.181881637103971	0.255164756320317	0.712800779099952	0.00108070155399944	99.7514686230691
790	0.196637782646281		0.216603300945714		1.22767388820648	0.18674481209522	0.2613345670245	0.714581366795279	0.00103152974894318	99.7627633497106
789	0.19712664601713		0.217198102464639		1.22422575950623	0.187233675466069	0.261328736258538	0.716467994093213	0.00102856785234624	99.7634437359674
788	0.192849729148844		0.212407442007097		1.22079539299011	0.182956758597783	0.254748058578888	0.71818705751246	0.00106406982047927	99.7552887766313
787	0.186203349132372		0.204916416684551		1.21735346317291	0.176310378581311	0.244910592258888	0.719896909950463	0.00104829853764103	99.758911427865
786	0.180746826212586		0.198883164374064		1.21391463279724	0.170853855661525	0.236894905432726	0.721222161149617	0.00105562732090682	99.7572279957645
785	0.177713688903233		0.19561232698479		1.21042191982269	0.167820718352172	0.232254210763362	0.722573415571615	9.74209033068213E-4	99.7759314894095
784	0.177441815239464		0.195566352062794		1.20695853233337	0.167548844688403	0.231534170574582	0.723646294940434	0.00107455483454872	99.7528804499677
783	0.179283051537343		0.197830472155675		1.20348119735718	0.169390080986282	0.233591929814771	0.725153823253233	9.76429811021115E-4	99.7754212834742
782	0.181665988386953		0.200714637908006		1.20004236698151	0.171773017835891	0.236385584709148	0.726664521642653	0.00104404581259526	99.7598882979751
781	0.184091124752689		0.203622029826015		1.1966587305069	0.174198154201628	0.239198228423852	0.728258546685197	0.00104674880944525	99.7592674063084
780	0.18650924302916		0.206576860174621		1.19330596923828	0.176616272478099	0.242054066948889	0.729656290036193	0.00106201390770552	99.7557610107176
779	0.190137713816968		0.210892887798671		1.19010949134827	0.180244743265907	0.246542228409614	0.731090752398175	0.0010545789650171	99.7574688028852
778	0.194296370492856		0.215836921020188		1.18701219558716	0.184403399941795	0.251769222571158	0.73243027109748	0.0010556047830442	99.7572331727005
777	0.199416589703049		0.221840087194931		1.1839507818222	0.189523619151987	0.258227339846592	0.733940950112332	9.52556226038695E-4	99.7809061850098
776	0.205602281893298		0.229165387000865		1.1809515953064	0.195709311342237	0.266224022318779	0.735130172092031	9.93678016649039E-4	99.7714587352932
775	0.213506858735492		0.238438818360295		1.17803692817688	0.203613888184431	0.276491408306815	0.736420308433185	9.40565188389846E-4	99.7836612122328
774	0.22227582194203		0.248760740621297		1.17517721652985	0.212382851390969	0.28795030694712	0.737567720078769	0.00106332127815896	99.7554607132383
773	0.232452151704834		0.260546648701033		1.17244553565979	0.222559181153773	0.301099306320502	0.739155409799823	8.66661295905388E-4	99.800642842817
772	0.244299710823448		0.274517540406988		1.1697244644165	0.234406740272387	0.316742593551173	0.740054369209793	9.24877334395859E-4	99.7872657244858
771	0.259894392691677		0.292749286244782		1.16703009605408	0.250001422140616	0.337289997979484	0.741206153868287	9.47837470730537E-4	99.7819903439348
770	0.282724081054128		0.319425142156257		1.16448152065277	0.272831110503067	0.367616960980759	0.742161378449966	9.84242730007819E-4	99.7736263486915
769	0.318755519356199		0.361555677876584		1.16197168827057	0.308862548805138	0.415779117857278	0.742852479934212	0.00103316567006586	99.7623875592937
768	0.366314753785302		0.417155554058226		1.15950226783752	0.356421783234241	0.479363687243782	0.743531044838992	9.70857257513251E-4	99.7767015379195
767	0.422497093038347		0.48291782186186		1.15713560581207	0.412604122487286	0.554481118811527	0.744126550912428	8.47072222257767E-4	99.8051445031317
766	0.474471403133403		0.543531789515166		1.15489220619202	0.464578432582342	0.62340871595117	0.745222870157515	0.00112007913075499	99.7424245453609
765	0.506008661918519		0.579715293093728		1.15279674530029	0.496115691367458	0.663989815125499	0.747173646441683	0.00104982255591771	99.7585613563263
764	0.503166758243351		0.575958080279152		1.1508207321167	0.49327378769229	0.658527789314776	0.749055386418181	0.00103005488549069	99.7631021444906
763	0.478574576945132		0.547153566844444		1.14889180660248	0.468681606394071	0.624330741446679	0.750694424093322	0.00103349147762493	99.7623127176156
762	0.445511799367284		0.508457299298871		1.14707088470459	0.435618828816223	0.578953854290554	0.752424093194831	8.68500691631351E-4	99.8002201515446
761	0.404272599702966		0.460738660878706		1.14529764652252	0.394379629151905	0.523406814686957	0.753485850939442	8.83889881180758E-4	99.7966838015378
760	0.374438204985752		0.426715987979986		1.14352190494537	0.364545234434691	0.483689620084191	0.75367595105977	8.8494642852513E-4	99.7964410174422
759	0.36426722724319		0.415578529223219		1.14178252220154	0.354374256692129	0.470237336076468	0.753607230869696	0.00104613353772259	99.7594087369086
758	0.365225737066021		0.416833088544378		1.14000296592712	0.355332766514959	0.470934636204937	0.754526720265122	0.00106056436538921	99.7560939655311
757	0.370035562181079		0.422558750752945		1.13824582099915	0.360142591630018	0.476725971624429	0.755449908472247	9.90366478388331E-4	99.7722195054074
756	0.377112382526336		0.430928350634052		1.13651084899902	0.367219411975275	0.485511462790654	0.756355802321429	9.55575399964362E-4	99.7802125200529
755	0.388543266269723		0.444474706781096		1.13479709625244	0.378650295718662	0.500151722242853	0.757070862458823	0.00102106826195403	99.7651665103874
754	0.400642973252625		0.458687107542177		1.13314974308014	0.390750002701564	0.515530444262014	0.757957181871045	9.49062628325641E-4	99.7817088563821
753	0.416311056380937		0.477043212510333		1.13162350654602	0.406418085829876	0.535608277476048	0.758797245899641	8.85628355339879E-4	99.7962843177406
752	0.43029014262879		0.493501319439199		1.13012480735779	0.420397172077729	0.553498643674287	0.75952701399051	9.37162140396147E-4	99.7844431008651
751	0.442140771243547		0.507301825975852		1.12870526313782	0.432247800692486	0.568380101108337	0.760490734720666	9.66908492698112E-4	99.7776087484321
750	0.452397126488209		0.519326250671457		1.12733149528503	0.442504155937148	0.581243827947027	0.76130555656838	9.91510986989328E-4	99.7719565731859
749	0.463231657084565		0.531950817271402		1.12599456310272	0.453338686533503	0.594769708899436	0.762208767108135	9.06071956553571E-4	99.7915867047021
748	0.478823989480757		0.550229683775512		1.12473857402802	0.468931018929696	0.614665220098716	0.76290475464739	9.50991806744167E-4	99.7812656172902
747	0.501510158823701		0.576908502943811		1.12356340885162	0.49161718827264	0.643998341947041	0.763382692549024	9.87960391449572E-4	99.7727722669764
746	0.525125394630218		0.604702036157949		1.1224285364151	0.515232424079157	0.674544116361665	0.763823168243171	0.00103567730799211	99.7618106091317
745	0.554844883036856		0.639516269417275		1.12132000923157	0.544951912485794	0.712915822879271	0.764398677932107	9.17773417575388E-4	99.788897995359
744	0.584862810468179		0.674816771290382		1.12025701999664	0.574969839917118	0.751785627784237	0.7648055757753	8.93227079107564E-4	99.7945382265626
743	0.615023129866708		0.710037253022206		1.11920189857483	0.605130159315647	0.790496383582882	0.76550654991352	9.20961515847436E-4	99.788165460964
742	0.643370740227069		0.743180401693484		1.11819970607758	0.633477769676008	0.826849190468987	0.766134595012061	9.75439879321068E-4	99.7756487120258
741	0.668133949661811		0.771709660307514		1.1171909570694	0.65824097911075	0.857975903981939	0.767202174391842	8.70938978484573E-4	99.799659838458
740	0.695455131803618		0.803281718286827		1.11617469787598	0.685562161252557	0.892435373532019	0.768192500639331	8.80135300927681E-4	99.7975465716019
739	0.728588508746419		0.841642362664795		1.11507248878479	0.718695538195358	0.934329003530893	0.769210348259937	8.84578148543671E-4	99.7965256444605
738	0.767472590622296		0.886902245601621		1.11387884616852	0.757579620071235	0.983742866112862	0.770099226299568	8.624494860552E-4	99.801610719192
737	0.814579028117173		0.941734941915724		1.11252617835999	0.804686057566112	1.04355104240302	0.771103688146516	9.24775608986398E-4	99.7872890978007
736	0.870737311889358		1.00756609857406		1.11103796958923	0.860844341338297	1.11529601521618	0.771852790284954	0.00101379685458358	99.7668368959675
735	0.935262497788754		1.08277832971884		1.10932576656342	0.925369527237693	1.19701211615328	0.773066132539629	9.43664985082436E-4	99.7829490043369
734	1.00295055598997		1.16172769616363		1.1074481010437	0.993057585438905	1.28241835702776	0.774363202146062	0.001037023363296	99.761501407169
733	1.05617571904633		1.22322263457758		1.1053968667984	1.04628274849527	1.34801935213931	0.776163003027233	8.8106164612694E-4	99.7973337047951
732	1.08759250664052		1.25957962143181		1.10324323177338	1.07769953608946	1.38550361752767	0.777839568555248	9.77827442917816E-4	99.7751001900854
731	1.10587862412117		1.28070380652807		1.10097706317902	1.09598565357011	1.40591490199572	0.779553337128962	9.1477980252469E-4	99.7895858479313
730	1.1127977372527		1.28880176639561		1.09864163398743	1.10290476670164	1.41182938437166	0.781188420435441	9.06030072261743E-4	99.7915963288173
729	1.11955820628086		1.29705985962433		1.09623396396637	1.1096652357298	1.41778816655992	0.782673506453546	9.01330605334808E-4	99.7926761717889
728	1.12084886637092		1.29910807586371		1.09382593631744	1.11095589581986	1.41691419322607	0.784067165909605	8.91560166738178E-4	99.7949212594501
727	1.12807022864675		1.30837354366116		1.09146678447723	1.11817725809569	1.42397115850346	0.785252742949408	9.57522361261276E-4	99.7797652019666
726	1.132362965446		1.31439148797305		1.08920443058014	1.12246999489494	1.42757437286194	0.786277770344578	0.0010186089273268	99.7657314648907
725	1.13960350649373		1.32352839436964		1.08703660964966	1.12971053594267	1.43466525302306	0.787438417123574	8.99612682035337E-4	99.7930709189241
724	1.15125288694035		1.33821296004583		1.08495438098907	1.14135991638929	1.44784922235032	0.788314072190816	9.61862602572751E-4	99.778768030432
723	1.15932249902969		1.34849023814197		1.08299386501312	1.14942952847862	1.45636318338277	0.789246488508987	9.46697856266192E-4	99.7822521781358
722	1.18139591507918		1.3755386602751		1.08117377758026	1.17150294452812	1.48315965347021	0.789869749886402	9.31886083990397E-4	99.7856553464038
721	1.20016374184745		1.39890755971786		1.07950687408447	1.19027077129639	1.50609987441665	0.790300026920463	9.87300980561843E-4	99.7729237570482
720	1.21862321137818		1.42166182598436		1.07795476913452	1.20873024082712	1.52846248785598	0.790814462527402	9.5614343740407E-4	99.7800820121562
719	1.23005304226513		1.43613594396852		1.07653081417084	1.22016007171407	1.54202525594577	0.791271133212215	9.18985583052555E-4	99.7886194735417
718	1.23230304683377		1.43988625675871		1.07519900798798	1.22241007628271	1.54414990624635	0.791639510735232	9.31110153581072E-4	99.7858336281845
717	1.22243375366032		1.42939031411266		1.07402753829956	1.21254078310926	1.53119456550487	0.791892036731109	9.08064344876072E-4	99.7911288975131
716	1.1985280927451		1.40238179523864		1.07296395301819	1.18863512219404	1.50069909083678	0.792054269541311	9.39544980749294E-4	99.7838956157939
715	1.15884127344567		1.35643214790028		1.07196414470673	1.14894830289461	1.45004433634295	0.79235391228953	9.37532120297797E-4	99.7843580935159
714	1.10682383133174		1.29595966279035		1.07102370262146	1.09693086078068	1.38400473679559	0.792577389092201	8.94390534729671E-4	99.7942708817865
713	1.0331830982886		1.20997092412027		1.07008218765259	1.02329012773754	1.29077306902966	0.792773069325653	9.55778690946751E-4	99.7801658134666
712	0.959681040171651		1.12387437752826		1.06905663013458	0.94978806962059	1.19749391931289	0.793146465549962	8.62044644475111E-4	99.8017037525192
711	0.884621312993548		1.03605425306228		1.06793642044067	0.874728342442487	1.10245281739636	0.793438348235451	8.91196695743551E-4	99.7950047801393
710	0.807846595587922		0.946428760561519		1.06664419174194	0.797953625036861	1.00552031202099	0.793572855264416	9.39881489882474E-4	99.783818299179
709	0.728313643024861		0.853696928046315		1.06514143943787	0.7184206724738	0.905331157137309	0.793544623765598	9.21552308645987E-4	99.7880297141565
708	0.646674094095705		0.75891458589575		1.06344926357269	0.636781123544644	0.803096657756438	0.792907201635704	8.80758682120565E-4	99.7974033234798
707	0.582307553825558		0.684496597606683		1.06151580810547	0.572414583274496	0.722640677984369	0.79211508667227	8.47112134648474E-4	99.8051353308721
706	0.529693615131984		0.624264868721381		1.0593421459198	0.519800644580923	0.657354920280614	0.790745803437553	9.72751069055085E-4	99.7762664463747
705	0.489190670347537		0.577883879832003		1.05691242218018	0.479297699796476	0.606826557428338	0.78984298549438	9.5125320371336E-4	99.7812055600856
704	0.456381379401976		0.540694834265271		1.05424511432648	0.446488408850915	0.566088752296489	0.788725101920178	8.99015900577311E-4	99.7932080486777
703	0.425142414683051		0.505569997674666		1.0513402223587	0.41524944413199	0.52760078442377	0.787052363058014	0.00102416979811121	99.7644540349147
702	0.399227279593731		0.476601554492079		1.04815697669983	0.38933430904267	0.495639840080083	0.785518591442858	8.0811493069132E-4	99.8140976735478
701	0.376904632588202		0.452069599634049		1.04489290714264	0.367011662037141	0.468463100572817	0.783437717054714	8.9325954602743E-4	99.7945307661382
700	0.361558500752549		0.435514045500983		1.04165291786194	0.351665530201488	0.449765355487256	0.781886656922495	9.00903032899706E-4	99.7927744199139
699	0.342496862950298		0.414859722768572		1.03863656520844	0.332603892399237	0.427010618591006	0.778912462403674	9.28480275356111E-4	99.7864378849653
698	0.3372379228468		0.409924352915246		1.03591132164001	0.327344952295739	0.420777594275825	0.77795243080638	0.00104515378035166	99.7596337918663
697	0.336988907039689		0.410917648199363		1.0335921049118	0.327095936488628	0.420862212062451	0.777204336986403	0.00112087429284087	99.7422419242938
696	0.341006125041215		0.416907696393201		1.03182005882263	0.331113154490154	0.426321315051245	0.776675110533363	9.20732696724594E-4	99.7882180369175
695	0.35158314984026		0.430899686998913		1.03069472312927	0.341690179289199	0.440277826382266	0.776078554981624	0.00105518817308682	99.7573288678528
694	0.365725308292052		0.449063291662663		1.03009569644928	0.355832337740991	0.458732193498631	0.775686430523112	0.00107051246135155	99.7538089449492
693	0.382082797240362		0.469808750564143		1.02995276451111	0.372189826689301	0.480035384410055	0.775338316250808	0.0010254316621557	99.7641641647924
692	0.39767806390168		0.489557699154664		1.03007698059082	0.387785093350619	0.500436215771427	0.77489414460711	0.00110063695900667	99.746889839848
691	0.41534663225149		0.511816955047166		1.03042733669281	0.405453661700429	0.523542972973302	0.774441989733485	0.00106661234242348	99.7547047736588
690	0.431578654281356		0.532061626597131		1.03089714050293	0.421685683730295	0.544651846478187	0.774229788179344	0.00101616497464636	99.7662928890465
689	0.441729073857496		0.544920293537938		1.03128290176392	0.431836103306435	0.558116578317456	0.773738176006676	0.00109551207683158	99.7480669077022
688	0.452399175743572		0.558265296231196		1.03155958652496	0.442506205192511	0.572032481887425	0.773568318589983	9.81746243005329E-4	99.7741998864353
687	0.45873961456101		0.566434282709785		1.03166389465332	0.448846644009949	0.580517972456099	0.773183028444295	0.00110055623914113	99.7469083792414
686	0.464588305333538		0.573964051051279		1.03159546852112	0.454695334782477	0.588247143925251	0.772966497972925	0.00107584643691682	99.7525837829125
685	0.467581658593062		0.578070120981161		1.0313640832901	0.457688688042001	0.592350054070969	0.77266590067225	0.00110868471250974	99.7450414835414
684	0.470618629100946		0.581980654107626		1.03098654747009	0.460725658549885	0.596164928510354	0.772815770463229	0.00109757114702057	99.7475939848523
683	0.469319411882016		0.580627802245355		1.03047323226929	0.459426441330955	0.594474027879047	0.772828449663458	0.00114744121450813	99.7361406188634
682	0.465906544158837		0.576553490433022		1.02990901470184	0.456013573607776	0.589952363574305	0.772966771155822	0.00110291521306491	99.7463665816212
681	0.461967596115494		0.571867380527431		1.02931475639343	0.452074625564433	0.584788478522391	0.773056655812899	0.00104284185739114	99.7601648536491
680	0.458668774107191		0.568163268298579		1.02871644496918	0.44877580355613	0.580638076430293	0.772901092389877	0.00111611599547381	99.7433347446424
679	0.459762075494424		0.569990045940206		1.02808725833893	0.449869104943363	0.582161031649747	0.772757159077635	0.00116340606009581	99.7324743442849
678	0.461204291980361		0.572240924837461		1.02740895748138	0.4513113214293	0.584089512561668	0.772674926913109	0.00113744140753248	99.7384371104801
677	0.464751421787965		0.577117848951275		1.02669847011566	0.454858451236903	0.588692725820286	0.772658521647439	0.00118348418676933	99.7278636594858
676	0.470112116651798		0.584199069931281		1.0259222984314	0.460219146100737	0.595512463709611	0.772811946258698	0.00108589365350755	99.7502760763598
675	0.475260081108767		0.59106185982085		1.0251362323761	0.465367110557706	0.602091474082517	0.772917622304559	0.00115074006298948	99.7353830380509
674	0.480291292941691		0.597811572928646		1.02431344985962	0.470398322390629	0.608522052582211	0.77301770805928	0.00109754332069042	99.7476003759295
673	0.484122944232532		0.602984680818131		1.02344214916229	0.474229973681471	0.613298808690949	0.773244570120212	0.00115153007311555	99.7352016130176
672	0.48903845934961		0.609581172796167		1.02255475521088	0.479145488798549	0.619512311150941	0.773423675646386	0.00112436035073919	99.741441302022
671	0.491925373400574		0.613549007252969		1.02164971828461	0.482032402849513	0.623017733685592	0.773705749911723	0.00108325919931378	99.7508811688515
670	0.495345026707222		0.618333998688927		1.02074801921844	0.485452056156161	0.627352134237285	0.77381111765302	0.00115758659162465	99.7338107505778
669	0.499305861957509		0.62368692530328		1.0197958946228	0.489412891406448	0.632225850671713	0.774110851187859	0.00112399346704344	99.741525561725
668	0.501930741402587		0.627334355708628		1.01878011226654	0.492037770851526	0.635312042585318	0.774482046411782	0.00114423634015013	99.736876624022
667	0.504265813719917		0.630723111493427		1.01773703098297	0.494372843168856	0.638110438565218	0.774744955247003	0.00113769855809936	99.7383780542656
666	0.505262674983023		0.632170200110691		1.01666116714478	0.495369704431962	0.638907082031088	0.775339197770637	0.00118116039201852	99.7283972782992
665	0.507667000840115		0.635589653527204		1.01556634902954	0.497774030289054	0.641691740084616	0.77572142384662	0.0011911875527111	99.7260947366765
664	0.508055558272645		0.636414044698226		1.01445806026459	0.498162587721584	0.641827771393472	0.776162406684309	0.00113602016090891	99.7387635091677
663	0.510588453159985		0.639966873663522		1.01329731941223	0.500695482608923	0.644693465427755	0.776641162752768	0.0012104431446143	99.7216732151225
662	0.512353957608496		0.642532341487743		1.01216089725494	0.502460987057435	0.646567102059143	0.777121176529445	0.00112462987460799	99.7413794023389
661	0.515956855238143		0.647623769079704		1.01106476783752	0.506063884687082	0.651014659028744	0.777346374107895	0.0013137332649724	99.6979588017992
660	0.51853600867022		0.651133850547612		1.00999879837036	0.508643038119159	0.65387346983864	0.777892148223539	0.00113856736706744	99.7381785271838
659	0.522552120409543		0.656606697510607		1.00900542736053	0.512659149858482	0.658752493491959	0.77822726277808	0.00117197900120575	99.7305056520124
658	0.527442006864614		0.663108745214118		1.00805485248566	0.517549036313553	0.664686309472568	0.778636522127604	0.00117121766539632	99.7306804837797
657	0.532833600776175		0.670296773139497		1.00716114044189	0.522940630225114	0.671336520371457	0.778954539722889	0.00115610242996031	99.7341515823351
656	0.539843039835081		0.679699965240596		1.00634658336639	0.52995006928402	0.680256436870444	0.779044549320376	0.00130169006731821	99.7007235131219
655	0.546646444043736		0.688602525629828		1.00559914112091	0.536753473492675	0.688703598137633	0.779367894903038	0.0011313807229799	99.7398289942091
654	0.557140934053072		0.702561734253249		1.00487756729126	0.54724796350201	0.702236710250743	0.779292730661443	0.0011492531998085	99.7357244955847
653	0.569029424300978		0.718224751463612		1.00422203540802	0.559136453749917	0.717507753154883	0.779275835405809	0.00126948795589574	99.708116406592
652	0.580277605408376		0.733104495361675		1.00357329845428	0.570384634857315	0.731977150009137	0.779238306619537	0.00121976072645664	99.7195337569368
651	0.590900965046103		0.746847236700804		1.00296664237976	0.581007994495042	0.745318183866056	0.779543565516251	0.00113307645478429	99.739439554147
650	0.595569112305282		0.753270680278653		1.00240564346313	0.585676141754221	0.751340194016772	0.779508598659034	0.00126945706733939	99.7081234981854
649	0.6015807196421		0.7612962722876		1.001877784729	0.591687749091039	0.758985206668213	0.779577446164498	0.00125512407691246	99.7114142127165
648	0.604601677576807		0.765411596673012		1.00140357017517	0.594708707025746	0.762747059958033	0.779693214495599	0.00123530177576635	99.7159653983054
647	0.605939511738941		0.767542416366646		1.00099229812622	0.59604654118788	0.764566737191874	0.779587329913226	0.00131369005177292	99.6979687219529
646	0.604539855067288		0.766055709829617		1.00062572956085	0.594646884516227	0.762799112078502	0.779558962642094	0.00128329578566139	99.7049463667477
645	0.606557881792623		0.769003823831509		1.00029969215393	0.596664911241562	0.765499564084805	0.779445135223435	0.0012632567382595	99.70954701982
644	0.607604967359728		0.770719419832955		1.00000286102295	0.597711996808667	0.766988008970115	0.779297707158752	0.00124893326383613	99.7128355964836
643	0.611554189145705		0.776278697154491		0.9997199177742	0.601661218594644	0.772328715778757	0.779022204279917	0.00132008997189426	99.6964995475531
642	0.618023453341047		0.784984731970778		0.999445915222168	0.608130482789986	0.780818247386928	0.778837437297533	0.0013051564592533	99.699927738782
641	0.622670006362031		0.791511732371943		0.999167442321777	0.61277703581097	0.787122256416596	0.778502997235348	0.00137752891528001	99.6833147543697
640	0.630418028792009		0.801817008820023		0.998895227909088	0.620525058240948	0.797201703322657	0.778378991984916	0.00136149308241411	99.6869955160495
639	0.639501804085302		0.814108987225497		0.998560547828674	0.629608833534241	0.809208885395433	0.778054770402789	0.00140923796089927	99.6760368645556
638	0.648538354952514		0.826074033869581		0.998183071613312	0.638645384401453	0.820846294974402	0.778032852571222	0.00127215708436632	99.7075036128184
637	0.654585913522099		0.834263874535098		0.997746467590332	0.644692942971038	0.828658642429145	0.777995799429755	0.00138104870048671	99.6825068637575
636	0.665204542935235		0.84838988461049		0.997253656387329	0.655311572384174	0.842336563005845	0.777968808626472	0.00138390282646123	99.6818517656409
635	0.673754320122752		0.86002611961038		0.996708512306213	0.663861349571691	0.853474038110149	0.77783426317417	0.00143675168855196	99.6697223186039
634	0.684030571302393		0.873596128406255		0.996089160442352	0.674137600751332	0.866460630414033	0.778036043517868	0.00134277652403999	99.6912917660681
633	0.693088403602626		0.885868963135047		0.995416641235352	0.683195433051565	0.878092215083915	0.778045199940959	0.00141170131676053	99.6754714950574
632	0.704754085013531		0.901337919066888		0.994728446006775	0.69486111446247	0.892872544235072	0.778231024068235	0.00140322239844826	99.6774175212351
631	0.711009735318125		0.909993313014237		0.994035542011261	0.701116764767064	0.900854359833395	0.778279815281938	0.00148145867708497	99.659462681478
630	0.717850752441669		0.919106957387		0.993336021900177	0.707957781890607	0.909273324188187	0.778597329381331	0.00139075596062923	99.6802788059491
629	0.726626297145373		0.930959258365031		0.992607176303864	0.716733326594312	0.920370837357989	0.77874406435102	0.00139883124881946	99.6784253642679
628	0.735864862171934		0.943424291274208		0.991834938526154	0.725971891620873	0.932018053829374	0.778924709277979	0.00141612333773294	99.6744565966422
627	0.745562553478399		0.956552481834543		0.991048812866211	0.735669582927338	0.944290016538564	0.779071651762288	0.00149343652579116	99.656714109818
626	0.757189300563288		0.97221213600781		0.99024510383606	0.747296330012227	0.95903112327618	0.779220102325107	0.00141715795738689	99.6742191424878
625	0.76606127013233		0.98418336246144		0.989454746246338	0.756168299581268	0.970110665751828	0.779466019987775	0.00138555829718738	99.6814717928807
624	0.772927256738195		0.993507195126821		0.988670885562897	0.763034286187134	0.978560331633165	0.779751908514083	0.00141239508357622	99.6753122678922
623	0.780861962822212		1.00408748683259		0.987914323806763	0.770968992271151	0.988263928513999	0.780124590230079	0.0013614053026648	99.6870156648212
622	0.787652239894689		1.0135391667875		0.987213253974915	0.777759269343628	0.996893434310248	0.780182958955649	0.00147018360281899	99.6620500558892
621	0.793914781068396		1.02206051685111		0.986586511135101	0.784021810517335	1.00466759493435	0.780379315975217	0.00142000587231376	99.6735655243148
620	0.799858062599823		1.03026842697456		0.986040651798248	0.789965092048762	1.0122050647297	0.780439774088379	0.00143376958813269	99.6704067070858
619	0.803960011130796		1.03629751935769		0.985671520233154	0.794067040579735	1.01776884297924	0.780203723131592	0.00151182601750516	99.6524943980895
618	0.808536410343467		1.04250076945498		0.985484898090363	0.798643439792406	1.02368935297896	0.780161908950534	0.00145912649522891	99.6645874771189
617	0.810055097776363		1.04498461343919		0.9854616522789	0.800162127225302	1.02611293899	0.779799276298864	0.00149954209496143	99.6553130865271
616	0.814735217081393		1.05138685035209		0.985575616359711	0.804842246530332	1.03254149279555	0.779476904459563	0.00146145272312811	99.664053641363
615	0.815643714697392		1.05308501471298		0.985840737819672	0.80575074414633	1.03449336775991	0.778884398158203	0.00151267156301883	99.6523003808015
614	0.819376420370953		1.05848602329735		0.986221313476563	0.809483449819892	1.04021931514207	0.778185367293759	0.00157715451629548	99.6375053560617
613	0.822445344308885		1.06293706087722		0.986693203449249	0.812552373757824	1.04510885076018	0.77748109507139	0.0015116552163953	99.6525335898377
612	0.824599827332503		1.066093167432		0.987153947353363	0.814706856781442	1.04871243533939	0.776863923157142	0.00147916598158268	99.6599887977758
611	0.828290434007209		1.07131817809227		0.98754894733429	0.818397463456148	1.05429202112357	0.77625311304545	0.00149982222461425	99.6552488066423
610	0.830319529458086		1.07451800718105		0.98789769411087	0.820426558907025	1.05782544158043	0.775578395695679	0.00155599224934479	99.6423606027851
609	0.835750870989118		1.08194940668749		0.98806357383728	0.825857900438057	1.06534575815902	0.775201754090794	0.00154099081603123	99.6458025162948
608	0.838849940190602		1.08659579643943		0.988040208816528	0.82895696963954	1.06991138552519	0.774790305865029	0.00159650585454942	99.633065796746
607	0.846166152624746		1.09669418964859		0.98785537481308	0.836273182073685	1.07968698777985	0.7745515057038	0.00153345828720017	99.6475308168394
606	0.853173661446843		1.10643988052761		0.987536489963531	0.843280690895782	1.08896268457127	0.774388969285744	0.00155954416886573	99.6415456714121
605	0.857145621880191		1.11229990095098		0.987073302268982	0.84725265132913	1.0942361943045	0.77428680913598	0.00165232746869454	99.6202603815966
604	0.86684090687563		1.12534184578412		0.986512660980225	0.856947936324569	1.10648072996949	0.774480669309259	0.00161393303985526	99.6290678434314
603	0.873399666920223		1.13425028996239		0.98584908246994	0.863506696369162	1.11451883636348	0.774779813669783	0.00158041417335998	99.6367575158452
602	0.880945276936459		1.14462531128324		0.985228002071381	0.871052306385398	1.12403845613774	0.774931054742012	0.00161010815763354	99.6299452921311
601	0.890354760236263		1.1574796493056		0.984650254249573	0.880461789685202	1.13603633564158	0.775029602541684	0.00161729598906491	99.628296371051
600	0.899362107307205		1.16970051565081		0.984116673469543	0.889469136756144	1.14744747726199	0.77517198336483	0.00166976960417562	99.6162595129267
599	0.910393853173769		1.18457311233211		0.983676254749298	0.900500882622708	1.1615637838093	0.775248759624333	0.00165370952091567	99.6199433612595
598	0.922249543128837		1.20071228310502		0.983342826366425	0.912356572577776	1.17704039620506	0.775127663858724	0.00166011632735106	99.6184737570783
597	0.932557511227297		1.21453481722948		0.983100771903992	0.922664540676236	1.19033960614207	0.775127145157025	0.00164095961867577	99.6228680200714
596	0.94464296955303		1.23077534145658		0.982921838760376	0.934749999001969	1.20608611961064	0.775027573738875	0.00165326519057823	99.6200452833136
595	0.957046067037649		1.2475876384475		0.982812881469727	0.947153096486588	1.22247576651732	0.774782717521596	0.00167520785513772	99.615012122389
594	0.970761849148371		1.26617020978438		0.982775807380676	0.96086887859731	1.24069215331094	0.774461961440725	0.00176736719374634	99.5938755894228
593	0.984400458407838		1.28456118413717		0.982796370983124	0.974507487856777	1.25879269640815	0.774160424220321	0.00170861794873519	99.60734907576
592	0.995239385061305		1.29942891479065		0.982810854911804	0.985346414510244	1.2734234148976	0.773777522058109	0.00175718683282978	99.5962102114924
591	1.00589413813152		1.31368644952372		0.982813537120819	0.996001167580463	1.28743938836487	0.773629560025691	0.00171506748700837	99.6058698567812
590	1.01577917990111		1.32730193408845		0.982779562473297	1.00588620935005	1.30077590314211	0.773297081319127	0.00178244760787796	99.5904173580256
589	1.02797720841682		1.34370907208442		0.982710957527161	1.01808423786576	1.3168085740985	0.773145207201245	0.0017320130892307	99.6019834419385
588	1.03879619488482		1.35853886023317		0.982594430446625	1.02890322433376	1.33122409790902	0.77290008943639	0.00177114251033709	99.59300982485
587	1.05123167304558		1.37542177032196		0.982425510883331	1.04133870249452	1.34758144636617	0.772746393401709	0.00175570980511993	99.5965489369853
586	1.05884820286134		1.3860822057652		0.982219994068146	1.04895523231028	1.35777043422088	0.772557131804236	0.00177343951626075	99.5924830736752
585	1.06540952333072		1.39506298728449		0.981987595558167	1.05551655277966	1.36626819451621	0.772554434785347	0.00177505683470804	99.5921121906295
584	1.07513096799403		1.40835961503898		0.981722772121429	1.06523799744297	1.37895334014662	0.772497492431257	0.00184067420937228	99.5770659960469
583	1.08082367732187		1.41639903914015		0.981434881687164	1.07093070677081	1.38643913299624	0.772432544122157	0.00187853954871336	99.5683844327665
582	1.09030963004275		1.42939836770149		0.981141924858093	1.08041665949169	1.39877946925672	0.772399569222874	0.00185961448329762	99.5727233763275
581	1.09756694507723		1.43930892521804		0.980872988700867	1.08767397452617	1.40811705462496	0.772431504152091	0.00180808041536907	99.5845395337171
580	1.10524498307145		1.4500328616376		0.980610847473145	1.09535201252039	1.41825673952871	0.772322797411403	0.00186653845165723	99.5711358984316
579	1.11424990094319		1.46255352503971		0.980334997177124	1.10435693039212	1.43013222197167	0.772206173265286	0.00195347630712866	99.5512055631331
578	1.12362414864743		1.47516443349762		0.980064511299133	1.11373117809637	1.44209713561967	0.772299695067209	0.0018438675968714	99.576333803947
577	1.12928551031914		1.48344535997821		0.979791462421417	1.11939253976808	1.44980894414999	0.772096588509027	0.0018799885359293	99.5680522317335
576	1.13740673831403		1.49442022107937		0.979541301727295	1.12751376776297	1.46018910815963	0.77216968779068	0.0018910037395504	99.565526875077
575	1.14534441070663		1.5055518753928		0.979297995567322	1.13545144015557	1.47072762167989	0.772033803824692	0.00188090435441214	99.5678422678261
574	1.15510285945914		1.51894510959222		0.979087650775909	1.14520988890808	1.48352487223771	0.771951930391755	0.00195714496668495	99.5503646177509
573	1.16439884941223		1.53191534269469		0.978899002075195	1.15450587886117	1.4959355777968	0.771761763004206	0.00196155555524618	99.5493536137244
572	1.17130059499012		1.54149275049333		0.978744149208069	1.16140762443906	1.50507276632076	0.771662108589069	0.00195254798420847	99.551418358295
571	1.18318548111207		1.55773519885372		0.978596448898315	1.17329251056101	1.52074044110557	0.771527131683318	0.00196655006887286	99.5482087736104
570	1.18995868817729		1.56752273390983		0.978484988212585	1.18006571762623	1.53014418714633	0.771212103760637	0.00203561333934455	99.5323794722312
569	1.19786330698115		1.57797017496916		0.978414237499237	1.18797033643009	1.54025547302783	0.771281360289397	0.00186195908106321	99.572185820903
568	1.20629660620283		1.59011937536006		0.978417158126831	1.19640363565176	1.55214705690658	0.770805594951933	0.00205763553882748	99.5273325134646
567	1.21669681673256		1.60416014526246		0.978434324264526	1.2068038461815	1.56591226023475	0.77067143340495	0.00200717863932703	99.538896400543
566	1.22437852446554		1.61486135066403		0.978512525558472	1.21448555391447	1.57650867918506	0.770364013817087	0.0020146274688551	99.5371891674485
565	1.23500247614428		1.62948156850112		0.978631198406219	1.22510950559321	1.59100767760556	0.770021114817611	0.00202955064150264	99.5337689417716
564	1.24474882925474		1.64302623550022		0.978813290596008	1.23485585870368	1.60456141368766	0.769590897655763	0.00211240074936635	99.5147827531195
563	1.25673889115752		1.65932852577932		0.979029059410095	1.24684592060646	1.62087553783261	0.769242234523267	0.00205459534766242	99.5280292369753
562	1.26473514661873		1.67033479862352		0.979272127151489	1.25484217606767	1.63205609577076	0.768871964217045	0.00201562756982665	99.5369599517225
561	1.27925515693669		1.69017980434257		0.979509949684143	1.26936218638563	1.65189083164084	0.768429827245155	0.00212818791678386	99.5111653275092
560	1.29002467441075		1.70492189412741		0.979763388633728	1.28013170385968	1.66676200263722	0.768035089493406	0.00206493826829096	99.5256589599127
559	1.30567233059822		1.72620299450624		0.980009019374847	1.29577936004716	1.68803553709088	0.767625640322876	0.00206988779980411	99.524524700559
558	1.31810027244309		1.7432990393598		0.98027241230011	1.30820730189203	1.70524800447139	0.767165420197961	0.00212116429020413	99.5127746846313
557	1.33345899583143		1.76415423184239		0.980539977550507	1.32356602528037	1.72616280170104	0.766767783418843	0.00215160419822884	99.5058000310731
556	1.34619099956473		1.78135188192016		0.98082560300827	1.33629802901367	1.74353351815623	0.766430937574861	0.00209405234407224	99.5189872185574
555	1.35699546576912		1.79625696761499		0.981100916862488	1.34710249521806	1.75864631433643	0.765988296928451	0.0020562998254719	99.5276386195684
554	1.37057343812697		1.81503303107756		0.98138552904129	1.36068046757591	1.77758304529068	0.76546660994587	0.00226295426327513	99.480290710843
553	1.38626931666533		1.83604748869623		0.981669664382935	1.37637634611427	1.79872695502957	0.765194707437762	0.00216077995565855	99.503697698493
552	1.39657507071351		1.85024226708189		0.981943130493164	1.38668210016245	1.81316649590468	0.764784758208628	0.00221770213361674	99.4906567867217
551	1.41605667463957		1.87666645826049		0.982206225395203	1.40616370408851	1.83960630799683	0.764382954100487	0.00223065229615697	99.4876901338608
550	1.42990736122973		1.8956438065123		0.982443392276764	1.42001439067867	1.85869467603388	0.763984751766075	0.00226249208742538	99.4803965777473
549	1.44374772830089		1.91434780271441		0.982618629932404	1.43385475774983	1.87740510506462	0.763742867153053	0.00223232247822923	99.487307531171
548	1.46007064083333		1.93668475788639		0.982732713222504	1.45017767028226	1.89957433077967	0.763422439851063	0.00228347412552674	99.4755905045935
547	1.47085668204999		1.95126973860204		0.982794582843781	1.46096371149893	1.91402796177365	0.763292773500089	0.00228656478069888	99.4748825894181
546	1.48279936083528		1.96731664710725		0.982793211936951	1.47290639028422	1.92979608463456	0.763244573875865	0.00220279095290703	99.4940727836828
545	1.50278212442731		1.99455599788952		0.982752025127411	1.49288915387625	1.95648473805823	0.763046664681834	0.00236693088062562	99.4564764869891
544	1.51634130558651		2.0130466472297		0.982672691345215	1.50644833503545	1.97449705473997	0.762952941063684	0.00236483058444654	99.4569574706796
543	1.53233987577404		2.03460962779539		0.982572853565216	1.52244690522298	1.99548364873234	0.762946319399879	0.00228991070027481	99.4741162115599
542	1.54361833642234		2.04993444462869		0.98248028755188	1.53372536587128	2.01035198908441	0.762913845037551	0.00230271960176531	99.4711824064599
541	1.55772508685425		2.06901745236494		0.982422113418579	1.54783211630319	2.02898052191465	0.762861988858611	0.00235844675429438	99.4584194302873
540	1.57013128187304		2.08588245473896		0.982404112815857	1.56023831132198	2.04551159325549	0.762761900967186	0.00260530440850364	99.4019022590459
539	1.58458857399056		2.10468890302807		0.982460975646973	1.5746956034395	2.06410659166845	0.762894518042621	0.00246545298177411	99.4339167951477
538	1.59718307467266		2.12140267707017		0.982597053050995	1.5872901041216	2.08081538933047	0.762821205696834	0.0023919813343583	99.4507399231735
537	1.61495342982626		2.14560732785236		0.982804477214813	1.6050604592752	2.1050430842251	0.762483424355206	0.00246228468687729	99.4346421949246
536	1.63336952014574		2.17049162951074		0.983075141906738	1.62347654959468	2.13008595220044	0.762164807442433	0.00253012356455813	99.4191112407099
535	1.64586888838193		2.1872181919439		0.983403861522675	1.63597591783087	2.14724717415278	0.761894549227365	0.00252629292478195	99.4199881583257
534	1.66568360845656		2.21363152191648		0.98377537727356	1.6557906379055	2.17404315672739	0.761618108997422	0.00246499802500592	99.4340209598539
533	1.67602893312225		2.22793944422259		0.984184384346008	1.66613596257119	2.18902865431082	0.761130266289617	0.0025465756558073	99.4153450834654
532	1.69635511407131		2.25520929274644		0.984593272209167	1.68646214352025	2.21678781447429	0.760768411170732	0.00258547248918868	99.4064415189221
531	1.71082271655256		2.27469762274669		0.984989404678345	1.7009297460015	2.23687549566281	0.760404300239115	0.00258366365899172	99.4068555461666
530	1.73627610085027		2.30863348686891		0.985359311103821	1.72638313029921	2.27115455953809	0.760134585754623	0.00258848901550465	99.4057510632107
529	1.75254823060703		2.33028879684097		0.985676109790802	1.74265526005597	2.29322987048379	0.759913030300938	0.00256286650130009	99.4116159786333
528	1.77625513969199		2.36213733186996		0.98594456911087	1.76636216914092	2.3252553460546	0.759642235480939	0.00264881158364318	99.3919447773453
527	1.79177233170762		2.3829946682124		0.986159026622772	1.78187936115656	2.34632977395528	0.759432617245779	0.00265946095398612	99.3895076092579
526	1.8109457264064		2.40854553480952		0.98632550239563	1.80105275585534	2.37192733461263	0.759320376123359	0.0026751837643396	99.3859094652387
525	1.828537826861		2.43210802250834		0.986455500125885	1.81864485630994	2.39548330029231	0.759197468038296	0.00270831462644078	99.3783279384047
524	1.85327699302192		2.46485036856891		0.986546039581299	1.84338402247086	2.42800499582225	0.759217557477302	0.00271585880215654	99.376601641876
523	1.87384229903105		2.49243288798995		0.986623227596283	1.86394932847999	2.45540851887628	0.759119842645586	0.00277059146670345	99.3640783340655
522	1.89774696354735		2.52414951383978		0.986712396144867	1.88785399299629	2.4869256204691	0.759111562267065	0.0027240292259486	99.3747320779126
521	1.91549210202625		2.54785077106929		0.986819267272949	1.90559913147519	2.51058383745316	0.75902628824708	0.00277321209893573	99.3634787503
520	1.93219486990384		2.57036809275666		0.98695296049118	1.92230189935278	2.5331475059663	0.75885904584127	0.00287661241667346	99.3398243113983
519	1.95150854780518		2.59568643982346		0.987108528614044	1.94161557725412	2.55853874879566	0.758876752665197	0.00291241219236984	99.331635865535
518	1.96545712257855		2.61458661064638		0.987286388874054	1.95556415202749	2.57765963560161	0.758658794597244	0.00290418596338286	99.3335173826972
517	1.99196433377634		2.64978134927528		0.987494111061096	1.98207136322528	2.61295656483431	0.758555036811706	0.00301920277188849	99.3072137756339
516	2.01196378438002		2.67634642485272		0.987728297710419	2.00207081382896	2.6398153107681	0.758413213857156	0.00302608230162134	99.3056406920529
515	2.03785726114423		2.71086104873825		0.987989187240601	2.02796429059317	2.67461264267154	0.758227288033581	0.0031679404808674	99.2732087421423
514	2.0531129526116		2.73085329719352		0.988263189792633	2.04321998206053	2.69511200572927	0.758120619001011	0.00315383790622113	99.2764324316572
513	2.07633566370044		2.76197075312387		0.988561034202576	2.06644269314938	2.72668576750103	0.757858759443061	0.00321550965441218	99.2623357375864
512	2.09100257343188		2.78086489367337		0.988881468772888	2.08110960288081	2.74625366749413	0.757799480621089	0.00316601700675886	99.2736484204654
511	2.11277486033218		2.8102623911145		0.989219486713409	2.10288188978112	2.77627296502218	0.757447814489063	0.00336179993900494	99.2289052646345
510	2.13703445191005		2.84251222008719		0.989577054977417	2.12714148135899	2.80919018142636	0.757208072071124	0.00342420571489987	99.2146476302591
509	2.16403126576702		2.87794732736748		0.989948749542236	2.15413829521596	2.84532428015024	0.757080066494991	0.00350737615593109	99.195649148209
508	2.19246817971589		2.91472340143928		0.990337610244751	2.18257520916483	2.88286267822786	0.757086081709064	0.00345280562057294	99.2081141921129
507	2.21802080412551		2.94788370404115		0.990751147270203	2.20812783357445	2.91692008813594	0.757006625774774	0.00346725053001893	99.2048145222952
506	2.247881277639		2.98704010036906		0.991183400154114	2.23798830708794	2.95700387555691	0.756843210652354	0.00349115898864237	99.19935332254
505	2.27968755192597		3.02787351085043		0.991617441177368	2.26979458137491	2.99878987497682	0.756903509750732	0.00339807384710872	99.2206176394713
504	2.30532624811259		3.0614256713609		0.992055416107178	2.29543327756153	3.03339997499622	0.756719620387149	0.00344062623085744	99.2108964315356
503	2.34766113563874		3.11601011938498		0.992499232292175	2.33776816508768	3.0889320509829	0.7568208450373	0.00343966240770736	99.2111166090161
502	2.38135647241816		3.15978818317489		0.99295300245285	2.3714635018671	3.13381386907856	0.7567339991907	0.00347112175481073	99.2039302319304
501	2.42067545419465		3.21024926695763		0.993394494056702	2.41078248364358	3.18533500346993	0.756837971835743	0.00335003980912791	99.2315922907467
500	2.46614000479423		3.26936905431906		0.993805527687073	2.45624703424317	3.24540656071869	0.756838007284745	0.00346876157249186	99.2044693592002
499	2.51605807100102		3.33398738902179		0.994185566902161	2.50616510044995	3.31089024597024	0.756945991640849	0.00335255642525022	99.2310172728456
498	2.58108882025288		3.41924745948189		0.994557678699493	2.57119584970182	3.39692553045385	0.756918521366083	0.00343025921140374	99.2132647175999
497	2.67780318754221		3.54595519823341		0.994921982288361	2.66791021699115	3.52423412901871	0.757018438424239	0.00341061477701189	99.2177525308942
496	2.77975171008407		3.68023411615389		0.995278537273407	2.76985873953301	3.65914205080039	0.75696944832386	0.00339711767078138	99.2208360914991
495	2.8831745978544		3.81618276063019		0.99499124288559	2.87328162730334	3.79335352357288	0.757451581944057	0.00353186995576935	99.1900547647623
494	2.97599187043274		3.93697478895613		0.99477756023407	2.96609889988168	3.91270006856237	0.758069580572657	0.00346270299635182	99.2058533096036
493	3.02926944590345		4.0061762291093		0.994611084461212	3.01937647535239	3.98087379863349	0.758470785079608	0.00367550998081364	99.1572537354056
492	3.05087794191086		4.03252829199228		0.994498908519745	3.04098497135979	4.00663191863836	0.758987856412141	0.00360416833143114	99.1735436570683
491	3.06282501217562		4.04567664399052		0.99443906545639	3.05293204162456	4.0194660580961	0.75953671395614	0.0036606683308419	99.1606424093585
490	3.07047686761379		4.05270535489994		0.99444317817688	3.06058389706273	4.0264723350933	0.760115466431439	0.00366424731901719	99.1598252373264
489	3.09632690413159		4.08455804031954		0.994451105594635	3.08643393358053	4.05818037121552	0.760546267354814	0.003760917395401	99.1377556013927
488	3.1572785274232		4.16259203658976		0.995079815387726	3.14738555687214	4.13839608010428	0.760532702996574	0.0038637325690699	99.1142884390266
487	3.24295234299883		4.27293261232074		0.995648920536041	3.23305937244777	4.25062338296656	0.760608287575782	0.00384812541923136	99.1178503524535
486	3.35409339480083		4.41762548283632		0.996206641197205	3.34420042424977	4.39714840200095	0.760538448674593	0.00392315878895224	99.1007271694572
485	3.48024553052722		4.58057171021256		0.996731162071228	3.47035255997616	4.56187716299428	0.760729067439054	0.00382255335892159	99.1236867661691
484	3.59521155789987		4.72934367006732		0.997203469276428	3.58531858734881	4.71239475110652	0.76082730261656	0.00394850564866537	99.0949434926343
483	3.67455860348125		4.82954608665912		0.99762898683548	3.66466563293019	4.81437041650928	0.761193118909887	0.00389097702114466	99.1080709301781
482	3.72422897681793		4.89097109862071		0.998053252696991	3.71433600626687	4.87772327698442	0.761489694135171	0.00400255258639192	99.0826121248186
481	3.73766200899082		4.90392866692831		0.99850869178772	3.72776903843976	4.89288736056416	0.761875098226243	0.00401472873442454	99.0798342225177
480	3.74577142057951		4.90964247305782		0.998985171318054	3.73587845002845	4.90093021080088	0.762279463150723	0.00404040353511166	99.0739769530636
479	3.84178634939507		5.03072988712476		0.999535739421844	3.83189337884401	5.02466244569768	0.762617075327126	0.00408566260298099	99.0636527090381
478	3.96391567019613		5.18803905397665		1.00016474723816	3.95402269964507	5.18515954875425	0.762565290897372	0.00411210078671081	99.0576222770553
477	4.15225374317404		5.43193866237708		1.00086104869843	4.14236077262298	5.43287900604946	0.76246144410919	0.00411169258754666	99.0577153826767
476	4.38576577837378		5.73582627102608		1.00160253047943	4.37587280782272	5.74127851900709	0.76217741280726	0.00418916075489137	99.0400473357274
475	4.69233148759803		6.13358415517891		1.00243234634399	4.68243851704696	6.14476046952646	0.762021325366294	0.00425263681882929	99.0255727954456
474	5.011071171383		6.54268018625908		1.00333368778229	5.00117820083194	6.56074538735845	0.762288109895019	0.00417496752490832	99.0432841282681
473	5.28067723720024		6.88720664972617		1.00434982776642	5.27078426664918	6.91341496667767	0.762399522096403	0.00432577417382917	99.0088977996219
472	5.54443412091194		7.22190330366223		1.00542318820953	5.53454115036088	7.25731519123834	0.76261551338471	0.00433344492618169	99.0071490644658
471	5.73768040920227		7.4655270697786		1.0065370798111	5.72778743865121	7.51057180396343	0.76263000849397	0.00432204489104437	99.0097479917814
470	5.93275839914543		7.71124917573034		1.00769698619843	5.92286542859437	7.7668402114738	0.762583659162273	0.00439845651593789	98.9923293265075
469	6.07712222913499		7.89077395528643		1.00889205932617	6.06722925858393	7.95717238076021	0.762485587625824	0.00445326516715717	98.9798371260998
468	6.15925705546695		7.99084591533578		1.01006615161896	6.14936408491589	8.06751179362012	0.76223800376454	0.00449276499577479	98.9708351493881
467	6.14729449447959		7.96811732655941		1.01115047931671	6.13740152392853	8.05319041728763	0.762108084611223	0.00451532886054672	98.9656932315824
466	6.10103193362929		7.89998662614805		1.01216447353363	6.09113896307823	7.99230678180904	0.762125269883536	0.00456990005495433	98.9532584965955
465	6.04313155544268		7.82039426806765		1.01307439804077	6.03323858489162	7.91885879569642	0.761882329328873	0.00465489611878196	98.9338941830858
464	5.96494046688793		7.71545958831117		1.01387333869934	5.95504749633687	7.81871336960415	0.761640338356382	0.00472848099042226	98.9171326963658
463	5.89704365319439		7.62454053349868		1.01454770565033	5.88715068264333	7.73167218428232	0.76143304350271	0.00471116081463132	98.9210777068652
462	5.82386196403368		7.5284968815387		1.01511299610138	5.81396899348262	7.63848499437055	0.761141639705705	0.00483327037395108	98.8932682095606
461	5.76435295548241		7.44936094435492		1.01557767391205	5.75445998493135	7.56161289388763	0.761009597513636	0.0047440604334965	98.9135843063655
460	5.67186056083246		7.33026698731126		1.01598358154297	5.6619675902814	7.44363762582423	0.760645248317612	0.00495808356345054	98.8648510612036
459	5.56729572970731		7.19653456597063		1.01623845100403	5.55740275915625	7.30960090672654	0.760288123807435	0.00490722551435823	98.8764293060951
458	5.45889328873421		7.05893794786809		1.01637935638428	5.44900031818315	7.17076404893326	0.759891174915142	0.00502933896282329	98.8486314755135
457	5.3800729887562		6.96013316310665		1.01642441749573	5.37018001820513	7.0706543684855	0.759502549317143	0.00504912438071192	98.8441282708592
456	5.30582451493178		6.86789441835803		1.01638066768646	5.29593154438072	6.97660035035751	0.759099171290403	0.00510810867850727	98.8307045322756
455	5.24946888771556		6.80120724821434		1.01623702049255	5.2395759171645	6.90784436182627	0.75849652116066	0.0051621600958065	98.8184050270654
454	5.16877003549896		6.70445478278063		1.01600134372711	5.1588770649479	6.80794172033535	0.757773388326505	0.00526142742206773	98.7958205405761
453	5.06316988943654		6.57502531552437		1.01566588878632	5.05327691888548	6.67423683541347	0.757131795514479	0.00526965160886999	98.793949672711
452	4.94064735574643		6.42275930050779		1.01526415348053	4.93075438519537	6.51700668868917	0.75659802432812	0.00535624573063176	98.774253077818
451	4.76065361867268		6.19706818812836		1.01477611064911	4.75076064812162	6.28484797998541	0.755907010519711	0.0054309756088374	98.7572582662752
450	4.55205105602965		5.93174703440338		1.01419520378113	4.54215808547859	6.01216278782094	0.755494860298827	0.00546963703730595	98.748467165088
449	4.34083817845565		5.66424504572617		1.0135600566864	4.33094520790459	5.73726829650651	0.75487932306421	0.0055316718067683	98.7343629082692
448	4.10232061349075		5.36134950250289		1.01285493373871	4.09242764293969	5.42648769463296	0.754157730236315	0.00559331938031704	98.7203486802028
447	3.92365672260309		5.13666813133036		1.01211142539978	3.91376375205203	5.19510167969836	0.753356525695427	0.00570461189206052	98.6950537975899
446	3.74686661100482		4.91445707264795		1.01131975650787	3.73697364045376	4.96631166134981	0.752464584439326	0.00577163265740732	98.6798242518414
445	3.63192865980394		4.77246580124267		1.01049888134003	3.62203568925287	4.81879854948415	0.751647044809668	0.00582150153475816	98.6684937612807
444	3.55948962200745		4.68565426594502		1.00964379310608	3.54959665145639	4.7270721349092	0.750908078013615	0.00595082695146478	98.6391163574997
443	3.51680040098662		4.63535436380226		1.00880837440491	3.50690743043556	4.67241780831847	0.750555188834373	0.00600246160306175	98.6273895365107
442	3.47585272048618		4.58635608518945		1.00797557830811	3.46595974993512	4.61917154440802	0.750342289004403	0.00610589822836524	98.6039020873679
441	3.4610151961314		4.5704562073233		1.00718784332275	3.45112222558034	4.59954748865879	0.75031777236562	0.0060898331045651	98.6075496427923
440	3.4352144149845		4.54073462541081		1.00642335414886	3.42532144443344	4.56614378451035	0.750156281992935	0.00627291394042934	98.5659894833577
439	3.41568904885158		4.51770579249501		1.00571870803833	3.40579607830052	4.53978627630029	0.750210664339045	0.00638159494196952	98.5413267011734
438	3.41124533549043		4.51290658597122		1.00510931015015	3.40135236493937	4.53221174402365	0.750483992594681	0.00644376527591728	98.5272212750998
437	3.41848483741463		4.52207597070021		1.00464129447937	3.40859186686357	4.53931332295013	0.750904734782287	0.00653072353971529	98.5074952625498
436	3.4327746322794		4.53934091203747		1.00431418418884	3.42288166172834	4.55517475214045	0.751427079744843	0.00667722208467649	98.4742717895541
435	3.46732117755152		4.58235693969762		1.00416374206543	3.45742820700046	4.59768754105026	0.751992860787289	0.00668731548276643	98.4719831846598
434	3.50877421693666		4.63339669779445		1.00418722629547	3.4988812463856	4.64904853960797	0.752601573542754	0.00680187295440584	98.4460118352196
433	3.57692068883233		4.7184380060484		1.00440275669098	3.56702771828127	4.73546209716824	0.753258635606927	0.00688678897718234	98.426764925762
432	3.63666644054672		4.79276940223576		1.00481104850769	3.62677346999566	4.81207608053338	0.75368165617067	0.00707392523101244	98.3843622496787
431	3.71053416486094		4.88423595460465		1.00536251068115	3.70064119430988	4.90667409535572	0.75420562327802	0.007066615688201	98.3860181554978
430	3.7681331148261		4.9555803390852		1.00603294372559	3.75824014427503	4.98172094654143	0.754405994355063	0.00722335044328151	98.3505175289804
429	3.82288063657999		5.0230523358859		1.0067173242569	3.81298766602893	5.0530351221216	0.754593541085062	0.0072733430406252	98.3391968351992
428	3.84802087085454		5.05414529230463		1.00732290744781	3.83812790030347	5.08739538443561	0.754438688222632	0.00744892433060384	98.2994472323911
427	3.87781512122377		5.09087831217739		1.00784730911255	3.8679221506727	5.12706510396624	0.754412528852135	0.00742904063734176	98.303947867058
426	3.88122637609295		5.09530336098783		1.00823533535004	3.87133340554189	5.13350054015777	0.754131294086298	0.00753172676978988	98.2807072795272
425	3.87376724526338		5.08850850017514		1.00844466686249	3.86387427471232	5.12771412500686	0.753527630541835	0.00770562459947882	98.2413621320247
424	3.83280878595438		5.03975330017464		1.00845658779144	3.82291581540332	5.07860723761754	0.752748861358437	0.00774142241751191	98.2332646737013
423	3.77561879594853		4.9726893111848		1.00823640823364	3.76572582539747	5.0098820536471	0.751659577026587	0.00797380616567122	98.1807157492106
422	3.7041031346132		4.88673198730952		1.00780355930328	3.69421016406214	4.92110314953508	0.750687407235336	0.00803979129577897	98.1657996601507
421	3.61895279315657		4.78381534953716		1.00717306137085	3.6090598226055	4.81436956401992	0.749643286543212	0.00818575152360024	98.1328130679201
420	3.52188736385692		4.66594841885579		1.00632703304291	3.51199439330586	4.6917128008079	0.748552723154986	0.00826853989623063	98.1141080603023
419	3.57926420688937		4.75426873100288		1.00541400909424	3.56937123633831	4.77625456614947	0.747315953725614	0.00853379043004581	98.0542019948209
418	3.43964849699803		4.58373709105929		1.00442969799042	3.42975552644697	4.60029151806973	0.745551779267694	0.00874594019647633	98.0063149115468
417	3.3192301014831		4.43688771420467		1.00336182117462	3.30933713093204	4.44805758033173	0.743996018748758	0.00880683485950214	97.9925739054257
416	3.20579124695592		4.30000320547428		1.00222516059875	3.19589827640485	4.30582949008353	0.742225925054654	0.00894408621706576	97.9616099182615
415	3.11590631079164		4.19285600131258		1.00108110904694	3.10601334024058	4.19365129420685	0.740646544583059	0.0091908634748153	97.9059614322071
414	3.06117077634238		4.12836660948042		1	3.05127780579132	4.12463300425357	0.739769526802667	0.00920855130029548	97.9019740265022
413	2.98281409940939		4.03248888769556		0.998973429203033	2.97292112885833	4.0246194799476	0.738683779589775	0.00933181498375511	97.8741909299286
412	2.91942232720175		3.95737608281992		0.997905433177948	2.90952935665069	3.94536130923324	0.737455743239937	0.00947399581685456	97.8421537824937
411	2.84274231041831		3.86501814861865		0.996788322925568	2.83284933986724	3.84888334434592	0.736018498463652	0.00959545233887157	97.8147946825001
410	2.7676137950935		3.77373285845606		0.99567312002182	2.75772082454244	3.75368691894266	0.734669908304244	0.0097537651064215	97.7791448885965
409	2.7092708143696		3.70315749252713		0.994610667228699	2.69937784381854	3.67948646090951	0.733628964937486	0.00989418777804562	97.7475345647178
408	2.64989408120842		3.63029231947844		0.993608474731445	2.64000111065736	3.60337947259155	0.732645876111036	0.0100312304156497	97.7166949680082
407	2.62576681079702		3.60304761743887		0.992691278457642	2.61587384024596	3.57300762835325	0.732120978272744	0.010178999500079	97.6834524312007
406	2.58599024845596		3.55469871626488		0.991901516914368	2.57609727790489	3.52220768014861	0.731387104861518	0.0103077500036405	97.6544975857063
405	2.57459194527884		3.5437267558595		0.991254270076752	2.56469897472778	3.50903332660706	0.730884758284023	0.010464293844982	97.6193038267141
404	2.56159238478391		3.53016146050355		0.990834653377533	2.55169941423285	3.49410692164396	0.730286585801528	0.0106487326560741	97.577855071463
403	2.57087893259837		3.54602568163156		0.990659058094025	2.56098596204731	3.50920373190501	0.729791188457743	0.0107780911327837	97.5487949669952
402	2.58058509711037		3.56182875774029		0.99070817232132	2.57069212655931	3.52503394549193	0.729267339353396	0.0109433866909407	97.5116742688388
401	2.604232411469		3.59620726102089		0.991027057170868	2.59433944091794	3.56023859506543	0.728698195821412	0.0111040487257334	97.4756076660813
400	2.62230006276399		3.62153357927907		0.991591811180115	2.61240709221293	3.5873808287578	0.728221289267894	0.0112347935606152	97.4462669431616
399	2.63645826583242		3.64103119883006		0.992447733879089	2.62656529528136	3.60982775421537	0.727615131279933	0.0113816741709797	97.4133156907828
398	2.65113271645738		3.6598676855712		0.99357545375824	2.64123974590632	3.6326450778791	0.727084449287402	0.0115270285013587	97.3807178139764
397	2.6501675065003		3.65672001712675		0.99498325586319	2.64027453594924	3.63466031373615	0.72641576049654	0.0117084751942001	97.3400409936718
396	2.65423668373013		3.65961517092377		0.996666491031647	2.64434371317907	3.64369465171043	0.72573142536457	0.0118918854156317	97.2989412562924
395	2.64172337811607		3.63873417735487		0.998634338378906	2.63183040756501	3.630036391354	0.725014882449522	0.0120542613103177	97.2625695081696
394	2.6402767960906		3.63342010266907		1.00088000297546	2.63038382553954	3.63288063235996	0.724049065116354	0.0122772207097854	97.2126493746336
393	2.63583694015131		3.62340396501378		1.00338685512543	2.62594396960025	3.63192965889732	0.72301619695947	0.0124153704969935	97.181730789265
392	2.63545079513332		3.61911661151529		1.00611889362335	2.62555782458226	3.63750515031158	0.721801816378833	0.0126237990608422	97.1351020853349
391	2.63783462080739		3.61782173847359		1.00907671451569	2.62794165025633	3.64689217946674	0.720597572106065	0.0128035519775767	97.09490653655
390	2.64214408123939		3.61885571063742		1.01226460933685	2.63225111068833	3.65946016573845	0.719300386251687	0.0130273146152631	97.0448929691822
389	2.65933003087775		3.63745998302402		1.01579105854034	2.64943706032669	3.69110676374855	0.717789332551307	0.0131848850047346	97.0096896024653
388	2.67248763580564		3.6503497412733		1.0196373462677	2.66259466525458	3.71822599981537	0.716092745676781	0.0134461473131104	96.9513481900689
387	2.69143079979245		3.6710767431436		1.02374601364136	2.68153782924139	3.75442791809725	0.71423340326118	0.0136414756915581	96.9077531355047
386	2.70625290666682		3.68676495108873		1.02809154987335	2.69635993611575	3.78649340459927	0.71209946723811	0.013847944615846	96.8616929505303
385	2.72335864390315		3.70597596175415		1.03263711929321	2.71346567335209	3.82307288196966	0.709760383106823	0.0140909064554454	96.8075197697396
384	2.74291997194999		3.72815619848193		1.03739488124847	2.73302700139893	3.86369693384898	0.707360605190198	0.0142743429647876	96.7666390206868
383	2.75776973995706		3.74431307097596		1.04228162765503	2.747876769406	3.89873725393396	0.704811991788699	0.0145622386707262	96.7025132506715
382	2.76988696402973		3.75673929162944		1.04716074466705	2.75999399347867	3.93000022931301	0.702288506980861	0.0147465168327537	96.6614895167969
381	2.77524760853956		3.76063431114512		1.05201208591461	2.7653546379885	3.95230494820715	0.699681495792202	0.0150087785977131	96.6031351948416
380	2.78001058459475		3.76416244833806		1.05682492256165	2.77011761404369	3.97411492091957	0.697040138286366	0.0152587593334392	96.5475462452564
379	2.77473142201819		3.75467585169627		1.061567902565	2.76483845146713	3.981879893227	0.694355059822371	0.0154705840717448	96.5004671942662
378	2.78718287460515		3.76962476521076		1.06622624397278	2.77728990405409	4.01529198671993	0.691678192579676	0.0157331001880207	96.4421535982583
377	2.77531644398851		3.75124253872171		1.07074952125549	2.76542347343745	4.0126433964403	0.689177482327663	0.0159930523394792	96.3844442678779
376	2.77509134633316		3.74948132046703		1.07512474060059	2.7651983757821	4.02714604070283	0.686639706589708	0.016249568931008	96.3275314819816
375	2.77533698842202		3.74862765836107		1.07931578159332	2.76544401787096	4.04192325194274	0.684190135609764	0.0165805839933106	96.2541395401058
374	2.772642933257		3.74440723601465		1.08323669433594	2.76274996270594	4.05203493840418	0.681817902536152	0.0168573207332561	96.1928249874314
373	2.78308282579341		3.75786751428118		1.08680582046509	2.77318985524235	4.08001458316559	0.679700966433972	0.0171254780695009	96.1334485715224
372	2.78397569688359		3.75882015099612		1.08998930454254	2.77408272633253	4.09300417252009	0.677762007905433	0.0173863987987227	96.0757096935043
371	2.78835481063563		3.76474646933182		1.09271693229675	2.77846184008457	4.1097224391934	0.676070435703168	0.0177141651802496	96.0032277510335
370	2.79175052595409		3.76955234089464		1.09493815898895	2.78185755540303	4.12333863351819	0.674661434011167	0.0179553481011614	95.9499277167788
369	2.79663914898143		3.77646170366		1.09609699249268	2.78674617843037	4.13527592218518	0.67389606663968	0.0182453992625588	95.8858672746305
368	2.81009368994329		3.79562001657173		1.09620356559753	2.80020071939223	4.15667940445709	0.673662904189738	0.0185913103122585	95.8095255827331
367	2.82310802094598		3.81384546815906		1.09532988071442	2.81321505039492	4.17332937233412	0.674093702990307	0.0189228995111007	95.7364017460905
366	2.83661374598967		3.83298837579742		1.09350752830505	2.82672077543861	4.18731891941695	0.675066989125397	0.0191781092103811	95.680159537552
365	2.84359680260239		3.84357322682934		1.09079897403717	2.83370383205133	4.18849311971127	0.676544941357495	0.0195431076152052	95.5997798970451
364	2.86682515944317		3.87592493568444		1.08727586269379	2.85693218889211	4.21014016933867	0.678583627618478	0.0198110499606552	95.540816842815
363	2.87903026193346		3.8935666348327		1.08299589157104	2.8691372913824	4.21267318996048	0.681072839502491	0.0201227465031048	95.4722710530514
362	2.90169876770226		3.92496945453144		1.07849431037903	2.8918057971512	4.22903055312927	0.683798747921413	0.0204442433779504	95.4016215747318
361	2.91994575249263		3.95071426644029		1.07380759716034	2.91005278194157	4.23829781985592	0.686608847615266	0.0207190024935928	95.3412842315808
360	2.93396135302256		3.97053460327515		1.06893277168274	2.9240683824715	4.24024358555762	0.689599152376754	0.0210290469338975	95.2732440253613
359	2.96132387732729		4.00842693710812		1.06376707553864	2.95143090677623	4.2600609140844	0.692814249913271	0.0213256798399794	95.2081924736825
358	2.97630504181821		4.02967912208179		1.05833911895752	2.96641207126715	4.26081563127923	0.696207563990874	0.0216282079133836	95.1418938618392
357	2.99630654320313		4.05765025234112		1.05269610881805	2.98641357265207	4.26754227988991	0.699797067442085	0.0219821155598647	95.0643940790986
356	3.00923881854208		4.07599728595921		1.04688131809235	2.99934584799102	4.26317676970468	0.703547145711904	0.0222174007103855	95.0129055536575
355	3.03169426278829		4.1071983234322		1.0409619808197	3.02180129223723	4.27155076128679	0.707424881760488	0.0225866148470812	94.9321649457032
354	3.03728532721908		4.11594317203007		1.03497338294983	3.02739235666801	4.25602744675297	0.711318804811207	0.0228776299849701	94.8685734331632
353	3.05949116209128		4.14709304983528		1.02894842624664	3.04959819154022	4.26330317990401	0.715313470061233	0.0232258110464437	94.7925462106535
352	3.0751036620289		4.16977574017434		1.02306663990021	3.06521069147784	4.2621387286834	0.719171966611396	0.0236262039547616	94.7051935629283
351	3.08068494862769		4.17816558389081		1.01734268665314	3.07079197807663	4.24682784442476	0.723078987557259	0.0239204021813211	94.6410604316983
350	3.09532488997544		4.1993728591967		1.01178658008575	3.08543191942438	4.24509149204769	0.7268234206976	0.0242510206958859	94.5690397615632
349	3.09762369367719		4.20395014189325		1.00650131702423	3.08773072312613	4.22752347594168	0.730387599429792	0.0245721297637546	94.4991430581593
348	3.11199238258462		4.22405176534808		1.00149571895599	3.10209941203356	4.22663056999365	0.733941460144747	0.0248585657711785	94.4368373322348
347	3.11576547827267		4.2308180372937		0.99670946598053	3.10587250772161	4.21317506693996	0.737180975956315	0.0252233107572869	94.3575572496516
346	3.12732888154678		4.24792455578004		0.99214780330658	3.11743591099572	4.210864728405	0.74033152619855	0.0256489149826763	94.2651330870938
345	3.13013801239493		4.25328903329766		0.987797260284424	3.12024504184387	4.19769920927515	0.743322683757198	0.0259293248288265	94.2042887959959
344	3.14097551235162		4.26986530276268		0.983641147613525	3.13108254180056	4.19634267883457	0.74614557995777	0.0263674660827799	94.1092980149684
343	3.14399014857005		4.27563908203648		0.979665756225586	3.13409717801899	4.18503950946292	0.748881144594306	0.0266737762455486	94.0429456384231
342	3.15222209433794		4.28873715327321		0.975760638713837	3.14232912378687	4.18113779893276	0.751548806783874	0.0270118368149419	93.9697698497702
341	3.14650731164593		4.28330186276758		0.971918165683746	3.13661434109487	4.15939013078737	0.75410438609208	0.0274029198658731	93.8851879725711
340	3.15867578083559		4.30284877431057		0.968130171298981	3.14878281028453	4.16210310507906	0.756536474659176	0.0278040361667727	93.7985152302808
339	3.14579981653157		4.28828960688828		0.964619815349579	3.13590684598051	4.13296761917757	0.758754274151446	0.0281791389969871	93.7175358487451
338	3.14367827112989		4.28956139643398		0.961340546607971	3.13378530057883	4.12014003146669	0.760601648644273	0.0285645663164293	93.634400380943
337	3.13910430874582		4.28895904047935		0.958259046077728	3.12921133819476	4.10635603781307	0.762040921288766	0.0290676935150183	93.52598837541
336	3.11889562962735		4.26692096683694		0.955322027206421	3.10900265907629	4.07271679265414	0.763373152948892	0.0294814042460999	93.4369375514366
335	3.09843774396691		4.24482703381976		0.952541172504425	3.08854477341585	4.03981610717269	0.764526080266905	0.029896222366053	93.3477334935716
334	3.08832020250343		4.23701100601896		0.949889779090881	3.07842723195237	4.02114693506883	0.765559498735322	0.0301467535056361	93.2938995840007
333	3.049591613791		4.19184033969555		0.94739955663681	3.03969864323993	3.96781046338328	0.76608967875145	0.0306477609418668	93.1863366530902
332	3.01518137222927		4.15410894336194		0.944806516170502	3.00528840167821	3.92130166402337	0.766400715673248	0.0310007644017406	93.1106236626252
331	2.96911815219849		4.10163037911851		0.942112147808075	2.95922518164743	3.86067833114684	0.766503947706093	0.0315281652418746	92.9976201176194
330	2.9176322881464		4.04263883882688		0.939315378665924	2.90773931759534	3.79380579889479	0.766443901383256	0.0319651832187815	92.9040863701246
329	2.87278783031778		3.99233181998493		0.936610460281372	2.86289485976672	3.73576280980202	0.766348134376991	0.0323788174658694	92.8156440363511
328	2.81736235446503		3.92767093157143		0.933943271636963	2.80746938391397	3.66473486426464	0.766077080033813	0.032808718328193	92.7238128373426
327	2.78191810411838		3.88898207674555		0.931326270103455	2.77202513356732	3.61843396740465	0.766084211716477	0.033241746961614	92.6314053655341
326	2.72998125129856		3.82851458431139		0.92875337600708	2.7200882807475	3.55227824681242	0.765730635878068	0.0336877742168355	92.5363202923719
325	2.68470333399902		3.77740265824609		0.926237106323242	2.67481036344796	3.4953123038901	0.76525647235328	0.0341575011820726	92.4362883816814
324	2.63731872725476		3.72116049538488		0.923812508583069	2.6274257567037	3.43420546087104	0.765075295185539	0.0346108059256373	92.3398562385852
323	2.5937842669795		3.67047735349756		0.921528518199921	2.58389129642844	3.37900893296272	0.764689098990596	0.035047389120649	92.2470763975107
322	2.55502621049374		3.62638575211124		0.919212281703949	2.54513323994268	3.3299863457573	0.764307410204672	0.035562895250288	92.1376443800973
321	2.51211792209098		3.57472963659499		0.916910946369171	2.50222495153992	3.27428535060231	0.764204913013958	0.0360229167218829	92.0401003025731
320	2.49161513896978		3.55270876265954		0.914670467376709	2.48172216841872	3.24614276595729	0.764514178009931	0.0363938254416893	91.9615271146061
319	2.46311992423989		3.52032076230068		0.912529110908508	2.45322695368883	3.20898815187685	0.76448613630873	0.0368369091083366	91.8677523287157
318	2.43167184086946		3.48354891186168		0.910539090633392	2.4217788703184	3.16850786487543	0.764327870908918	0.0372841508065157	91.773194505532
317	2.40670283462157		3.45678636314049		0.908678650856018	2.39680986407051	3.13771532139561	0.76387103945569	0.0378325726220668	91.6573775677308
316	2.37940263941816		3.42680460056498		0.906927943229675	2.3695096688671	3.10447873733116	0.763255241652614	0.0384140604806539	91.534737309663
315	2.35157533240044		3.39569853379474		0.905307412147522	2.34168236184938	3.07077099157694	0.762571474158303	0.0389727670349619	91.4170563852883
314	2.33054923385165		3.37276075312468		0.903821349143982	2.32065626330059	3.04499866211571	0.762120618367747	0.0394447788148314	91.3177539785256
313	2.30357789606879		3.34097914924776		0.902508914470673	2.29368492551773	3.0118938532564	0.761542417252802	0.039871917903321	91.2279849191844
312	2.2835891998596		3.32001992081589		0.901354432106018	2.27369622930854	2.98914936868871	0.760649920383863	0.0404187611319468	91.1131872113386
311	2.24803349931808		3.27673074862558		0.900331139564514	2.23814052876702	2.94678124790757	0.759520419222249	0.0409732161582395	90.9969390602074
310	2.22315387295265		3.24932956465304		0.899488806724548	2.21326090240159	2.91937723665427	0.758127752252423	0.0414776463050896	90.8913080785545
309	2.18238176618198		3.199569066805		0.898925364017487	2.17248879563092	2.87281755563912	0.756222333495034	0.0421076221590467	90.7595591789885
308	2.15431050164571		3.16814041702824		0.898677170276642	2.14441753109465	2.84378015923379	0.754072892776782	0.0427055132454435	90.6346969066973
307	2.12528420781638		3.13406763884407		0.898729979991913	2.11539123726532	2.8133250434008	0.751918532210622	0.0432085553017752	90.5297757731354
306	2.10179336318368		3.10705819070981		0.899035274982452	2.09190039263262	2.78999827206947	0.749785551329736	0.043652471544765	90.4372875937688
305	2.07548273096459		3.07605603018916		0.899677276611328	2.06558976041353	2.76409867216199	0.747292338445317	0.0441445600647386	90.3348733341904
304	2.04916400548382		3.0455992920296		0.900652170181274	2.03927103493276	2.73966293221885	0.744351069962156	0.0445733601629394	90.245725330501
303	2.01090990407418		3.00004082053196		0.901984810829163	2.00101693352311	2.70262359678303	0.740397936251631	0.0452549226651964	90.104208764832
302	1.97085367864829		2.95118815959435		0.903549313545227	1.96096070809723	2.6631705393045	0.736325623596507	0.045832431034393	89.9844712262484
301	1.93083566123007		2.90225908264143		0.905354738235474	1.92094269067901	2.62419377487352	0.732012517166953	0.0464790109544301	89.8506015475611
300	1.88756437234048		2.84841076742691		0.907451450824738	1.87767140178942	2.58140641796643	0.727383099662625	0.0470952236840016	89.7232045263615
299	1.85110702385334		2.80358538918805		0.910263776779175	1.84121405330228	2.54860365929043	0.722440323975249	0.0476343457992285	89.6118935277072
298	1.80923043710661		2.75074460570779		0.913794457912445	1.79933746655555	2.51020342806399	0.716809421275986	0.0482168154922164	89.4917878678096
297	1.76491506863134		2.69529099264812		0.917980194091797	1.75502209808028	2.47079637291418	0.710306246730612	0.0488600020354273	89.3593493629789
296	1.72203641890033		2.64093514569734		0.922788560390472	1.71214344834927	2.4335794129903	0.703549446223104	0.0494800681671485	89.2318571377985
295	1.6782002496419		2.58550379826259		0.928298592567444	1.66830727909084	2.39665363652765	0.696098615863383	0.0501113476564074	89.1022461865511
294	1.63120107990782		2.52615056363647		0.934404373168945	1.62130810935676	2.35695743689345	0.68788179369658	0.0508090085300669	88.9592251488468
293	1.57633180522473		2.45419532710758		0.941053092479706	1.56643883467367	2.306014581379	0.679284011177818	0.0515045944187819	88.8168580298434
292	1.53476290890645		2.40093678239852		0.947771847248077	1.52486993835539	2.27200168345695	0.671157045990934	0.0520550820110778	88.7043500273326
291	1.48179240130561		2.3301859526031		0.954483270645142	1.47189943075455	2.22055984552374	0.662850602167575	0.0526918198160151	88.5743920592009
290	1.43379992102863		2.26781018380937		0.961205065250397	1.42390695047757	2.1762418754483	0.654296274022504	0.0533023643102499	88.4499589503803
289	1.37696504576745		2.19205023538162		0.967701375484467	1.36707207521639	2.1176370129963	0.645564875767865	0.0539663613537928	88.3148302767768
288	1.31431770715059		2.10974228893317		0.973872363567352	1.30442473659953	2.05098365449443	0.635999576954731	0.0548335939355147	88.1386524010917
287	1.25591278795037		2.03229415691842		0.979641914367676	1.24601981739931	1.98726294226987	0.627002995374178	0.0555546507017972	87.9924376892078
286	1.2032319409929		1.96254193551744		0.985037505626678	1.19333897044184	1.9294996716702	0.618470678157138	0.0562971495084377	87.8421284760092
285	1.15318103787258		1.89635215306708		0.990005016326904	1.14328806732152	1.87370185635516	0.610176087216733	0.0569129126867598	87.7176700199361
284	1.10296472947949		1.82864454835716		0.994526863098145	1.09307175892843	1.81492295570486	0.602268958851708	0.0576557454041527	87.5677628393347
283	1.06237420229793		1.77568524681096		0.998537302017212	1.05248123174687	1.76935981149236	0.594837310597191	0.0582438723040001	87.4492577623586
282	1.00948126275098		1.702583269564		1.00214016437531	0.999588292199919	1.70248548186776	0.587134693861409	0.0587687492780701	87.3436327128849
281	0.964120723686626		1.64167224685817		1.00528156757355	0.954227753135565	1.64658952524841	0.57951768701529	0.0594778026279243	87.2011469821099
280	0.918279630424974		1.58097513101184		1.00794303417206	0.908386659873913	1.58976960912188	0.571395159815432	0.0605176385058679	86.992610102934
279	0.874348437058034		1.52097199709632		1.00999760627747	0.864455466506973	1.53240714394043	0.564116050962873	0.0612299498409188	86.8500454705469
278	0.840515736082383		1.47567274648387		1.01076138019562	0.830622765531322	1.48777923798089	0.558297053975953	0.06192236398473	86.7116870778067
277	0.808933427248619		1.43281659736313		1.01021814346313	0.799040456697558	1.44368556717064	0.553472636194271	0.06255991979121	86.5844854142183
276	0.778145796146054		1.39117871911153		1.00850391387939	0.768252825594993	1.39924382764554	0.549048572104625	0.0633169810114547	86.433683000196
275	0.753099119610393		1.35844196387125		1.00567150115967	0.743206149059332	1.36239158867146	0.545515808552572	0.0640236677479231	86.2931519303454
274	0.729449183791808		1.32761299670928		1.00166654586792	0.719556213240747	1.32608569721192	0.54261667609688	0.0647239065136091	86.1541284685657
273	0.71042601187075		1.30334759611044		0.996584177017212	0.700533041319689	1.29517473954477	0.540879172462794	0.0654042393896817	86.0192715853117
272	0.693448733801381		1.282118000248		0.990479826927185	0.68355576325032	1.26621395432696	0.539842228806945	0.066105810083509	85.88042597607
271	0.67872740970249		1.26397992811589		0.984030902385712	0.668834439151429	1.24012132634077	0.539329842125174	0.0667781416371906	85.7475772940621
270	0.667867039872839		1.25158703113172		0.977289319038391	0.657974069321778	1.21951382486228	0.539538015812228	0.0674208855255274	85.6207670990237
269	0.653492570936136		1.23389893610962		0.969450056552887	0.643599600385075	1.1925838495937	0.539668217546584	0.0681363486930571	85.479830300611
268	0.64105157977491		1.21918253754782		0.960526764392853	0.631158609223849	1.167471230247	0.540620267867598	0.0688263291824763	85.3441330008262
267	0.630717450482707		1.20748957647394		0.95069831609726	0.620824479931646	1.14440877485662	0.542484900126204	0.0694234857286926	85.2268651372806
266	0.61765747891624		1.19104172039952		0.940096080303192	0.607764508365179	1.116183705186	0.5445022226551	0.0701389201983974	85.0865823470239
265	0.60772289033289		1.17948930803113		0.928679645061493	0.597829919781829	1.0919003887593	0.547513240160238	0.0707386579904666	84.9691633542695
264	0.593244103159299		1.15976794885701		0.916590332984924	0.583351132608238	1.05960990396997	0.550533861964329	0.0714622293242661	84.8277154073808
263	0.582150110588882		1.14649153747207		0.903754353523254	0.572257140037821	1.03277245628984	0.554097987947521	0.0720997739026043	84.7032796249375
262	0.568766591660426		1.12764966895605		0.890914976596832	0.558873621109365	1.0013136536141	0.558140417932175	0.0727445534064954	84.5776173873395
261	0.553735845260525		1.10579622818644		0.878135800361633	0.543842874709464	0.967760643461252	0.561960106958244	0.0734206314114961	84.4460555447671
260	0.539895598733797		1.08596214623444		0.865367650985718	0.530002628182736	0.936525570361433	0.565924353755971	0.0740897517814151	84.3160491271472
259	0.522783738145434		1.06002502475605		0.85245943069458	0.512890767594373	0.900445582139424	0.569596628344563	0.0747873759072708	84.1807176996374
258	0.504582784543845		1.03220504348293		0.839563012123108	0.494689813992784	0.863466578584857	0.572911362479756	0.0756218189341604	84.0191301676207
257	0.488757580139306		1.00805793206819		0.826433718204498	0.478864609588245	0.830007487714713	0.576940107982301	0.0763256551305061	83.8830754526513
256	0.471994430181874		0.981426013839646		0.81306129693985	0.462101459630813	0.79492385775496	0.581315373947751	0.0770378176232309	83.7456354679805
255	0.457414249881247		0.958209561906047		0.799651682376862	0.447521279330186	0.763248304546779	0.586337731330994	0.0777006156325509	83.617924643222
254	0.439876926953276		0.929777057747197		0.786224722862244	0.429983956402215	0.728078256816199	0.590573818647578	0.0784950024707523	83.4651152750146
253	0.423060999896446		0.902863990227783		0.772798895835876	0.413168029345385	0.694846968741202	0.594617301265468	0.0793942496369729	83.2924717804761
252	0.405923930262774		0.874206193101083		0.759391844272614	0.396030959711713	0.661029783894563	0.599112126806802	0.0802049198899451	83.1371399700267
251	0.388477697727505		0.845644817787962		0.746072351932526	0.378584727176444	0.628126678473828	0.602720343126165	0.0812405903288645	82.9391174345636
250	0.371342965740308		0.816496145419083		0.732924580574036	0.361449995189247	0.595693643876675	0.606771616425165	0.0821281540579678	82.7697885925951
249	0.353401344413073		0.785950672823852		0.720633029937744	0.343508373862012	0.56369145549144	0.60939077666617	0.0832465175458875	82.556920066661
248	0.336134770385387		0.755846586640431		0.708929538726807	0.326241799834326	0.533195108983968	0.6118619513521	0.0843260341209996	82.3519649147097
247	0.31942914758837		0.725900268705891		0.697923898696899	0.309536177037309	0.504017373284219	0.614137911596867	0.0854274886480275	82.14336908775
246	0.303351648262964		0.69728539760441		0.6875981092453	0.293458677711903	0.476884901102495	0.615365839919581	0.0867053547846586	81.9020260442584
245	0.287454283519358		0.667733642961751		0.678074300289154	0.277561312968297	0.45024136097906	0.616472268040265	0.0878424424182352	81.6878672808331
244	0.269420863791611		0.634031915801494		0.669374763965607	0.25952789324055	0.421905782868819	0.615132344183214	0.0894919644781887	81.3781917617237
243	0.252774054470922		0.602169093968363		0.661558091640472	0.242881083919861	0.395899839901764	0.613491240562581	0.0912422837599715	81.0508765904758
242	0.236169191561197		0.569433171857958		0.653966724872589	0.226276221010136	0.369948692851584	0.611642169258626	0.0931176764476031	80.7016331448213
241	0.221566243621501		0.539779572428108		0.646870613098145	0.21167327307044	0.346752383452261	0.610445041395315	0.0949773494094506	80.3568031112796
240	0.209187384723211		0.514472452778254		0.640305876731873	0.199294414172149	0.327029085562424	0.60940883539274	0.0968325218766004	80.0142756674957
239	0.195399103528306		0.485261547438432		0.63483726978302	0.185506132977245	0.305691884157832	0.606840228972077	0.09901898534599	79.6124546773757
238	0.181847130621031		0.456189568794832		0.630380034446716	0.17195416006997	0.285219205899603	0.602884225582263	0.101705108754633	79.1215690738597
237	0.166181519416538		0.421430258020638		0.626808166503906	0.156288548865477	0.261815673092488	0.59694114954786	0.10476884483143	78.5653691013536
236	0.152769136962807		0.39142958065028		0.624054491519928	0.142876166411746	0.241943414807187	0.590535462705645	0.108248798784269	77.9383489102128
235	0.138884810846411		0.359477490323853		0.622274458408356	0.12899184029535	0.221370333430818	0.582697050215458	0.112035320350173	77.2617746997989
234	0.125457432245584		0.327913261629176		0.621340751647949	0.115564461694523	0.201426031377991	0.573731512773826	0.116144352112117	76.5342177884085
233	0.115671151843404		0.304820042727312		0.621121406555176	0.105778181292343	0.18701123155497	0.565624751052723	0.119821119254467	75.8890088490034
232	0.103756838383931		0.276135127680798		0.621190249919891	0.09386386783287	0.169213169811723	0.554707815811907	0.125046136789191	74.9814549390105
231	0.0926589855306319		0.249079831463222		0.621524631977081	0.0827660149795708	0.152488722968523	0.542768103557767	0.131138068562676	73.9370181104417
230	0.0828089201479327		0.224624989947169		0.621933937072754	0.0729159495968716	0.137379848564556	0.530761609935882	0.137195534575407	72.9129156877173
229	0.0727033825830268		0.199452749981224		0.62280935049057	0.0628104120319657	0.121895713423038	0.515279908276864	0.145322203390823	71.5612299937843
228	0.0629475474703368		0.174519008320601		0.623824656009674	0.0530545769192757	0.106540145336428	0.497977328186873	0.155025265100984	69.980128384696
227	0.0552105329214794		0.154468628266136		0.624672889709473	0.0453175623704184	0.0941600824223703	0.481282101763029	0.16493885594206	68.4007941567847
226	0.049640512268077		0.139729223074482		0.625293791294098	0.0397475417170159	0.0850372154833249	0.467413490565317	0.17370519987271	67.0339483049913
225	0.0444343046320196		0.125813981697895		0.625641524791718	0.0345413340809585	0.0763785528824871	0.452238655714025	0.18392482126701	65.4749504952424
224	0.040024078590682		0.113804781268281		0.625679969787598	0.030131108039621	0.0688693301000837	0.43751126946978	0.194528797842695	63.8956367076965
223	0.0354859844697162		0.101222663284194		0.625520944595337	0.0255930139186552	0.0609814476837351	0.419685246755486	0.208028261522576	61.9400766532554
222	0.0313810467419781		0.0896285303349163		0.62475597858429	0.0214880761909171	0.05366336799131	0.400423547668435	0.223954396310187	59.7097982387505
221	0.0279035935240618		0.0794975714367989		0.623277485370636	0.0180106229730008	0.0472219743410386	0.381403429744963	0.240958395278453	57.4171464287013
220	0.0252690836850405		0.0716518614766938		0.621200323104858	0.0153761131339794	0.0421908427271173	0.364441953279514	0.257506787723605	55.2704769482091
219	0.0229582346952507		0.06458385250988		0.618524014949799	0.0130652641441897	0.0376373392601836	0.347135700902517	0.275537831166684	53.0227402783876
218	0.0213839488128694		0.0596451982022213		0.6152663230896	0.0114909782618083	0.0344005202280348	0.334035014169457	0.290603621890182	51.2149057831895
217	0.0198287526292033		0.0546258556090574		0.611503660678864	0.0099357820781422	0.031120797408901	0.319265022280581	0.30815085630411	49.1868650766625
216	0.0184225379207719		0.0499457654864617		0.607404947280884	0.00852956736971087	0.0280694947662211	0.303873206153157	0.32791464483032	46.9986469513895
215	0.0177738188510222		0.0465568134354891		0.602963209152222	0.0078808482999611	0.0258208190476707	0.305212947947599	0.325146386728267	47.29918017365
214	0.0168306497855007		0.0431607206527336		0.598491311073303	0.00693767923443966	0.0235967860030715	0.294009499155377	0.34029004961183	45.6783018825855
213	0.0160199153736859		0.0401542261426522		0.594147801399231	0.00612694482262487	0.0216392318427147	0.283140587760172	0.355353457862577	44.1211214027848
212	0.0153483520848197		0.0376060131477685		0.590187430381775	0.00545538153375862	0.0199910693916861	0.272890930788695	0.369916769583861	42.6661278516912
211	0.0148398572328782		0.0355514750013759		0.586437284946442	0.00494688668181708	0.0186591851633485	0.265118044464989	0.381612180204501	41.532475714532
210	0.0143620610616916		0.0335560949892075		0.583247244358063	0.00446909051063056	0.0173938849737876	0.25693457886869	0.393392920322659	40.4210024279558
209	0.0139196168343336		0.031620999782096		0.579938590526581	0.0040266462832725	0.0161729762918241	0.24897373313458	0.405255131441984	39.3318947694408
208	0.0134623959480227		0.0295340828669119		0.577307462692261	0.00356942539696164	0.0148948082826287	0.239642251798873	0.41788807316352	38.2042718609856
207	0.0130172555880155		0.0273648414472046		0.575665593147278	0.00312428503695445	0.01360368961559	0.229664534052144	0.432783104883565	36.9161919186682
206	0.0125832468960547		0.0252616027776302		0.574895739555359	0.00269027634499359	0.0123763540730978	0.21737228339656	0.467285961631319	34.0968326758857
205	0.0122450853812163		0.023589907647286		0.574898242950439	0.00235211483015525	0.0114153533729973	0.206048359021377	0.487081374828969	32.5775653894587
204	0.0119368903159958		0.0220213840558362		0.567570567131042	0.00204391976493471	0.010379605001531	0.196916912024421	0.506721893245581	31.137096078214
203	0.0116687049399464		0.0206672972330151		0.570808053016663	0.00177573438888535	0.00966588776441906	0.183711463671446	0.529659023088014	29.5352721455051
202	0.0113744749568387		0.0191295550058832		0.576338827610016	0.00148150440577759	0.0088732836455868	0.166962363083527	0.559943115625423	27.5458947890586
201	0.0110892530951854		0.0175872502101051		0.582763433456421	0.00119628254412431	0.0080733977163241	0.148175846918265	0.599918869634548	25.1235571976634
200	0.010815834717448		0.0160323928192385		0.590864896774292	9.22864166386879E-4	0.00726692186122158	0.126995196041883	0.653790780712049	22.1926528274742
