Wavelength	I1	I1 dark	R1	R1dark	XCorrect	I1c	R1c	I1c/R1c	Abs	Percent T
nm	uA	uA	uA	uA		uA	uA	uA/uA	OD	T*100
	Abs Detector Raw	Dark Offset for Abs Detector	Ref Detector Raw	Dark Offset for Ref Detector	Linear interp	Dark subtracted Abs Detector	Corrected Ref Detector	Corrected Intensity 	-Log(T)	% Transmittance
600	0.896950642778267	0.00989236718611902	1.17129647298086	0.0037416139996748	0.984116673469543	0.887058275592148	1.14901020391377	0.772019493448049	0.00338501559297863	99.2236010241858
595	0.953234291845361		1.24768125233873		0.982812881469727	0.943341924659241	1.22255990033042	0.77161202850207	0.00341937623948447	99.2157509308667
590	1.01390390158829		1.33000530779591		0.982779562473297	1.00401153440217	1.30342485271329	0.770287241579106	0.00345601351224011	99.2073813996858
585	1.06318297670876		1.39765380056759		0.981987595558167	1.05329060952264	1.36880447650706	0.769496759837059	0.00353352827989186	99.1896760149662
580	1.10152880724402		1.45094574249332		0.980610847473145	1.0916364400579	1.41914406690879	0.769221719987685	0.00361916026547109	99.1701202252153
575	1.14182331636035		1.50692546822179		0.979297995567322	1.13193094917423	1.47206493540888	0.768940908751305	0.00364731483230226	99.163691404697
570	1.18677199782137		1.5692481791544		0.978484988212585	1.17687963063525	1.53182467295214	0.768286117475285	0.00369764242327628	99.1522006288495
565	1.23006099178902		1.62932416768388		0.978631198406219	1.2201686246029	1.59084580262021	0.766993647400153	0.00375491608973604	99.1391255476154
560	1.28484024633088		1.70470549550767		0.979763388633728	1.27494787914476	1.66654213648985	0.765025888772372	0.00381201949677553	99.1260910516447
555	1.35189781930511		1.79650538222582		0.981100916862488	1.342005452119	1.75888217672452	0.762987691772595	0.00386336941884108	99.1143713168735
550	1.42452666422975		1.89590241918216		0.982443392276764	1.41463429704363	1.85894088017661	0.760989395697849	0.00396021929946828	99.0922707717985
545	1.49508517469		1.99207359982815		0.982752025127411	1.48519280750388	1.95403728569854	0.760063699077749	0.00400500168981474	99.0820533728878
540	1.56452305893402		2.08677378499662		0.982404112815857	1.5546306917479	2.04637937191515	0.759698183574324	0.00435064754524599	99.0032274200299
535	1.64080971878544		2.18905281718071		0.983403861522675	1.63091735159933	2.14904347583699	0.758903842540518	0.00418665296550459	99.0406192340752
530	1.72762657268659		2.3060631829241		0.985359311103821	1.71773420550047	2.26861399509484	0.757173414787411	0.00428245558670879	99.0187739082297
525	1.82369884342087		2.43505375735985		0.986455500125885	1.81380647623475	2.3983812363405	0.756262786229221	0.00439895416390086	98.9922158935608
520	1.92459408959974		2.56972550975141		0.98695296049118	1.91470172241362	2.53250540248487	0.756050399945814	0.0045064206109956	98.967723236961
515	2.02923456586619		2.70842926896281		0.987989187240601	2.01934219868007	2.67220215796671	0.755684667292011	0.00459612656931182	98.9472830103668
510	2.13051586489996		2.84212586754968		0.989577054977417	2.12062349771385	2.80879993052228	0.754992719370911	0.00471837215741437	98.9194351626768
505	2.26961073311858		3.0242872364507		0.991617441177368	2.25971836593246	2.99522572109439	0.754440091115008	0.00480936937110024	98.8987108606319
500	2.45559254634028		3.26698581458249		0.993805527687073	2.44570017915416	3.24303012473198	0.754140444303238	0.00497434904241631	98.8611483799372
495	2.87032714673386		3.81278623476486		0.99499124288559	2.86043477954774	3.78996604142182	0.754738894302769	0.00507561157100996	98.8381000492071
490	3.05888336912496		4.05166734953299		0.99444317817688	3.04899100193884	4.02543213346774	0.757431972728917	0.00523197504218581	98.8025207654839
485	3.46921265703615		4.58155739868519		0.996731162071228	3.45932028985003	4.5628516468176	0.758148753808983	0.00531568904562182	98.7834775637152
480	3.73679272920914		4.91514913075066		0.998985171318054	3.72690036202302	4.90642327953426	0.759596176214294	0.00555139925018982	98.7298780888624
475	4.67573421715653		6.13203309073198		1.00243234634399	4.66584184997041	6.14319760410066	0.75951355477413	0.00566020366442745	98.7051462502644
470	5.90852713215241		7.70601967379811		1.00769698619843	5.89863476496629	7.76156238772114	0.759980332606485	0.00588956772773394	98.6530308375
465	6.01710514197246		7.81478023732837		1.01307439804077	6.00721277478634	7.91316325140193	0.759141772251707	0.00623778784626016	98.5739619038946
460	5.65619028745757		7.33599033933917		1.01598358154297	5.64629792027145	7.44944432073429	0.75794887204619	0.0064267318411489	98.5310856804244
455	5.23173026473957		6.80098084928947		1.01623702049255	5.22183789755345	6.90760614804598	0.755954781676515	0.00661120069744995	98.4892429726965
450	4.54209223282726		5.93904082099533		1.01419520378113	4.53219986564114	6.01955198874092	0.752913152692799	0.00693084018758035	98.4167818418776
445	3.61709063740229		4.7702053715642		1.01049888134003	3.60719827021617	4.81650629496673	0.748924230408606	0.00736902994900736	98.3175324172262
440	3.42380166112385		4.54161003800496		1.00642335414886	3.41390929393773	4.56701675997363	0.747514071736721	0.00777749724614202	98.2251052308365
435	3.45700292075681		4.58347131225176		1.00416374206543	3.44711055357069	4.59879851144499	0.749567641415882	0.00812994178893952	98.145424598581
430	3.76033032921274		4.95857500704198		1.00603294372559	3.75043796202662	4.98472562407218	0.752386037842294	0.00839215504191398	98.0861853849009
425	3.86509665691912		5.08982704753315		1.00844466686249	3.855204289733	5.12903573065382	0.7516430947619	0.00878623745837648	97.9972215357787
420	3.51079029847157		4.66277150480598		1.00632703304291	3.50089793128546	4.68850772687334	0.74669769897556	0.00935587592699449	97.8687686180709
415	3.10541362284529		4.19171074252809		1.00108110904694	3.09552125565917	4.19249677984156	0.738347914909108	0.0104820682196679	97.6153086422278
410	2.7611461193381		3.77634425737141		0.99567312002182	2.75125375215198	3.7562790445285	0.732441258899423	0.0110963914943213	97.4773263152838
405	2.56650743847521		3.54275452685948		0.991254270076752	2.55661507128909	3.50806166172904	0.728782820205331	0.0116905157748881	97.3440663884938
400	2.61568109550529		3.62106462908563		0.991591811180115	2.60578872831917	3.58690788015259	0.726472163597441	0.0122899401921656	97.2098022823367
395	2.6407250748974		3.64498782479082		0.998634338378906	2.63083270771128	3.63627350058811	0.723496928183699	0.0129599438216173	97.0599484185759
390	2.64264905926471		3.62479288590667		1.01226460933685	2.6327566920786	3.66546205114565	0.718260523596397	0.0136255925144648	96.9112973462083
385	2.72068460826931		3.7052772337296		1.03263711929321	2.71079224108319	3.82234307931913	0.70919647578209	0.0144043519870401	96.7376756011569
380	2.77917002795748		3.76414133017408		1.05682492256165	2.76927766077137	3.97408413884685	0.696834179654516	0.0153551442166749	96.5261214015028
375	2.7762451183012		3.74868257291163		1.07931578159332	2.76635275111508	4.0419738780889	0.684406390182574	0.016401837309317	96.2937639196474
370	2.79748226665384		3.7734040010355		1.09493815898895	2.78758989946772	4.12754719407091	0.675362332251951	0.0175036373281472	96.0497773936791
365	2.85165364339051		3.84778108569924		1.09079897403717	2.84176127620439	4.19307431188828	0.677727382066037	0.0187418050701329	95.7763307483826
360	2.94449846723827		3.97565880247343		1.06893277168274	2.93460610005215	4.24571244916956	0.691192852833485	0.0199974293024438	95.4998238877909
355	3.03861954108093		4.10546394843913		1.0409619808197	3.02872717389481	4.2697370060305	0.709347477284219	0.0213604161652289	95.2005777085364
350	3.10445483622802		4.19822277619348		1.01178658008575	3.0945624690419	4.24391975033019	0.729175538439702	0.0228220436511402	94.8807166537288
345	3.14330989466652		4.25605843514207		0.987797260284424	3.1334175274804	4.20042690578583	0.74597596810084	0.0243971298188701	94.5372293748037
340	3.16460141557753		4.29400034172874		0.968130171298981	3.15470904839141	4.15352891699329	0.759524999449164	0.0260696163136781	94.1738626088745
335	3.11801384496291		4.25311391855227		0.952541172504425	3.10812147777679	4.04770207738636	0.767873084123753	0.0279468455181391	93.7676764710403
330	2.93319745165843		4.04567129731086		0.939315378665924	2.92330508447231	3.79664671102048	0.769970267706728	0.0299807838646463	93.3295595214644
325	2.69359787742051		3.77230777789535		0.926237106323242	2.68370551023439	3.49058581863441	0.76884100540015	0.0321361134138151	92.8675282520361
320	2.50148552467253		3.5497285844488		0.914670467376709	2.49159315748641	3.24340955957242	0.768201829501568	0.0342824785705985	92.409691718961
315	2.36403309602254		3.39660036484582		0.905307412147522	2.35414072883642	3.0715801755106	0.766426592932767	0.0367896016378198	91.877759979929
310	2.23186270348426		3.24568971359336		0.899488806724548	2.22197033629814	2.91609602756644	0.761967478194616	0.0393074181453882	91.3466409485505
305	2.08727001119093		3.07818269277831		0.899677276611328	2.07737764400481	2.76600477685756	0.75103906594294	0.0419717297668844	90.7879626331618
300	1.89943381199032		2.85282172199912		0.907451450824738	1.8895414448042	2.58540187752	0.730850186670671	0.0450131473421632	90.1543844869553
295	1.68645024350542		2.58654455753577		0.928298592567444	1.6765578763193	2.39761233736361	0.699261448647209	0.0481886210816572	89.497597865905
290	1.43830542638172		2.2656724848433		0.961205065250397	1.4284130591956	2.17417941030114	0.656989507134445	0.051524349464601	88.8128180494437
285	1.15798955225767		1.89669981663991		0.990005016326904	1.14809718507155	1.87403811631099	0.612632782161098	0.0552622572552795	88.0516994945161
280	0.923225404636169		1.58306415199958		1.00794303417206	0.91333303745005	1.59186715088794	0.573749534903458	0.0585805314992296	87.381494551127
275	0.75724410158846		1.36030887762111		1.00567150115967	0.747351734402341	1.36426103643024	0.547806991804063	0.0622290477780613	86.6504758884356
270	0.669934821541823		1.25006050708997		0.977289319038391	0.660042454355704	1.21801414233289	0.541900484908581	0.0655086561462141	85.9985925897169
265	0.610477035829697		1.17880910173502		0.928679645061493	0.600584668643578	1.09126125743336	0.550358279974263	0.068515175498225	85.4053003828934
260	0.543461628840397		1.0861898394098		0.865367650985718	0.533569261654278	0.936715678136818	0.569617093113653	0.0712524167039736	84.8687065455777
255	0.461672604203831		0.959767102488202		0.799651682376862	0.451780237017712	0.764487390265012	0.59095838959633	0.0743193055732102	84.2714942104557
250	0.374606091795384		0.816668599031675		0.732924580574036	0.364713724609265	0.595814169541894	0.612126638226285	0.0783076941655778	83.5011209849115
245	0.290186694854875		0.669166073986301		0.678074300289154	0.280294327668756	0.451207225100719	0.621209750367336	0.0845526093568235	82.3090123785048
240	0.209355478594609		0.514434209675379		0.640305876731873	0.19946311140849	0.326999470214608	0.609979922223066	0.0964416059286578	80.08633031997
