wavelength	S-Sdark	Sdark	I	Idark	Wavelength	R	Rdark	Mcorrect	XCorrect	Sc	Ic	Rc	Sc/Rc
nm	counts	counts			nm	uA	uA			counts*Mcorrect		uA*Xcorrect	counts/uA
	Raw CCD Data	Dark Offset CCD				Linear interp of B	Dark Offset Ref	interpolated	Linear interp of B	Dark Corrected CCD		Dark Corrected Ref	Fully Corrected Emission Spectrum
247.409	2	4064	3.30506803497068	0.00991668623204236	350.0099	4.23976866535039	0.00380053436095822	1	1.01184158554077	2	3.29515134873864	4.28612870996052	0.466621544834201
248.53	33	3489						1		33			7.69925548976432
249.652	1	4521						1		1			0.2333107724171
250.774	19	4331						0.925311547040939		17.5809193937778			4.10181788356509
251.895	3	4358						0.921467655003071		2.76440296500921			0.644964991038422
253.018	-44	4324						0.92431284058094		-40.6697649855614			-9.48869428280327
254.14	22	4558						0.919715992212295		20.2337518286705			4.72075226804303
255.263	82	4694						0.930799100995064		76.3255262815952			17.8075674919007
256.386	-43	4771						0.937153578042984		-40.2976038558483			-9.4018650821663
257.509	85	4413						0.949099625766277		80.6734681901336			18.8219891770065
258.632	-33	4609						0.957326894283295		-31.5917875113487			-7.37070434630968
259.756	32	4608						0.972303986310958		31.1137275619507			7.25916781025394
260.88	15	4505						0.982637572288513		14.7395635843277			3.43889896495046
262.004	93	5107						0.986034608602524		91.7012186000348			21.3948821431635
263.128	-30	4615						1.01152352046967		-30.34570561409			-7.07998001636527
264.252	25	5051						1.0250078253746		25.6251956343651			5.97863418679303
265.377	72	4580						1.03853230035305		74.7743256254196			17.4456556686344
266.502	117	4491						1.04976883935928		122.822954205036			28.6559183161272
267.627	27	4382						1.06614746153355		28.7859814614058			6.71607956954491
268.753	48	4131						1.07045086801052		51.381641664505			11.9878905048043
269.879	66	4198						1.07540285468102		70.976588408947			16.559602665222
271.005	44	4853						1.07964330971241		47.504305627346			11.0832662390541
272.131	127	4838						1.07961494445801		137.111097946167			31.9894961687769
273.257	70	4928						1.08346064424515		75.8422450971603			17.6948127854655
274.384	67	4719						1.08260107326508		72.5342719087601			16.9230270057448
275.511	-17	4769						1.07637163162231		-18.2983177375793			-4.26919464528817
276.638	125	5070						1.07179044699669		133.973805874586			31.2575321322584
277.765	22	4397						1.0713169503212		23.5689729070663			5.49889527402536
278.893	56	4585						1.06080207884312		59.4049164152146			13.859806934207
280.02	134	5515						1.06084104061127		142.15269944191			33.1657561079679
281.149	74	4514						1.05004143643379		77.7030662961006			18.1289624167204
282.277	34	4864						1.04244767904282		35.4432210874558			8.26928528886437
283.405	76	5142						1.03503982007504		78.6630263257027			18.3529314327164
284.534	141	4558						1.02977042365074		145.197629734755			33.8761711465477
285.663	53	4322						1.02080096006393		54.1024508833885			12.6226846052616
286.792	113	4884						1.01475157928467		114.666928459167			26.7530296495048
287.922	43	4957						1.01201539897919		43.516662156105			10.1529060606549
289.051	112	4792						1.00734438562393		112.82257118988			26.3227212303943
290.181	142	4868						0.998710796535015		141.816933107972			33.0874182052453
291.311	133	5013						0.990505812764168		131.737273097634			30.7357249425316
292.441	151	4932						0.986078617393971		148.89787122649			34.7394773471142
293.572	206	4779						0.977937115192413		201.455045729637			47.0016323265039
294.703	120	5021						0.971070101201534		116.528412144184			27.1873338458978
295.834	112	4713						0.967555964827537		108.366268060684			25.2830177051968
296.965	178	4927						0.958874736428261		170.67970308423			39.8214133625032
298.096	126	5056						0.951765494823456		119.922452347755			27.9791999874077
299.228	228	4143						0.950759452342987		216.773155134201			50.5755122636524
300.36	125	4158						0.950849938392639		118.85624229908			27.7304416973924
301.492	112	4519						0.946665534734726		106.026539890289			24.7371339185159
302.624	175	4515						0.9444794049263		165.283895862103			38.5625134116947
303.757	96	4764						0.940896519899368		90.3260659103394			21.0740442069392
304.89	157	4634						0.94010116994381		147.595883681178			34.4357096272402
306.023	269	4633						0.942129963457584		253.43296017009			59.128639693236
307.156	256	4390						0.939862842559814		240.604887695313			56.1357121955231
308.29	451	5298						0.938178123235703		423.118333579302			98.7180652312233
309.423	477	4552						0.939299685955048		448.045950200558			104.533946719646
310.557	722	4461						0.938061773300171		677.280600322723			158.016860004412
311.691	845	4483						0.938911969423294		793.380614162683			185.104243911049
312.826	840	4297						0.94006462597847		789.654285821915			184.234851367585
313.96	1027	4900						0.937823309898376		963.144539265633			224.711996405377
315.095	1322	4436						0.936879434585571		1238.55461252213			288.9681333283
316.23	1547	4839						0.93723745405674		1449.90634142578			338.2787684505
317.365	1793	4519						0.935165983438492		1676.75260830522			391.204446196078
318.501	1960	4575						0.93718681371212		1836.88615487576			428.56532763634
319.637	2198	4985						0.935485493659973		2056.19711506462			479.73293715754
320.773	2276	4844						0.943891193270684		2148.29635588408			501.220682172156
321.909	2386	4607						0.954208368599415		2276.7411674782			531.188240378151
323.045	2350	4403						0.960704495310784		2257.65556398034			526.735363484018
324.182	2356	4334						0.970674723386765		2286.90964829922			533.56065649281
325.318	2308	4771						0.976976701498032		2254.86222705746			526.083647888919
326.455	2124	5400						0.983147080540657		2088.20439906836			487.200581311425
327.593	2176	5002						0.988878651857376		2151.79994644165			502.038107591377
328.73	2121	4334						0.994296656847		2108.90320917249			492.029836684935
329.868	2064	4664						0.999411975383758		2062.78631719208			481.27026899551
331.006	2157	4666						1.00141954398155		2160.06195636821			503.96572350906
332.144	2107	4777						1.00371232891083		2114.82187701511			493.410725650979
333.282	2043	4633						1.00382857680321		2050.82178240895			478.478814143647
334.421	2098	5020						1.00450361943245		2107.44859356928			491.690459194981
335.559	1933	4628						1.00496183311939		1942.59122341979			453.22745882675
336.698	1874	4712						1.00366144108772		1880.86154059839			438.825258846629
337.837	1889	4731						1.00265689241886		1894.01886977923			441.895005480756
338.977	2043	4954						1.00396680414677		2051.10418087184			478.544700747154
340.116	2241	4524						1.00274035453796		2247.14113451958			524.282233825002
341.256	2761	5021						1.00164115619659		2765.5312322588			645.228227941916
342.396	5080	4797						1.00201554250717		5090.23895593643			1187.60758259714
343.537	11661	4623						1.00339006316662		11700.5315265859			2729.8600481584
344.677	24274	4881						1.00478569376469		24390.167930444			5690.48891923468
345.818	42509	5369						1.00535330367088		42736.5635857456			9970.90066064283
346.959	60304	5231						1.0075031017065		60756.4670453091			14175.1382556752
348.1	60624	4911						1.01179790496826		61339.2361907959			14311.1045751496
349.241	60209	5326						1.01561871695518		61149.3873291547			14266.8107905975
350.382	60268	5267						1.01888515901566		61406.1707635555			14326.7211320215
351.524	60288	5247						1.02182632493973		61603.8654779663			14372.8454385435
352.666	60712	4823						1.02538313937187		62253.0611575451			14524.3097839958
353.808	57755	4955						1.02775498008728		59357.9888749409			13848.8582335381
354.951	35158	5116						1.0299445027113		36210.7888263237			8448.3671109021
356.093	18331	5094						1.03344257068634		18944.0357632513			4419.84761662134
357.236	7852	5078						1.03791811180115		8149.73301386261			1901.42050445743
358.379	3086	4799						1.03977746891975		3208.75326908636			748.636703706435
359.522	1630	5271						1.04188874721527		1698.27865796089			396.226705468332
360.666	1257	6068						1.04259371805191		1310.54030359125			305.763170514616
361.809	1165	5749						1.04099815070629		1212.76284557283			282.950636259358
362.953	1052	5876						1.04417902874947		1098.47633824444			256.286362957718
364.097	1000	5311						1.04015420842171		1040.15420842171			242.679181799766
365.241	861	5342						1.0382548199892		893.937400010705			208.565225289032
366.386	911	5300						1.03616512846947		943.946432035685			220.232871178612
367.531	943	5658						1.03225916409493		973.420391741514			227.109463483769
368.675	916	6113						1.03037594854832		943.824368870258			220.204392527202
369.82	900	5910						1.02412230730057		921.710076570511			215.044889909291
370.966	927	6080						1.02308704543114		948.401691114664			221.272331115647
372.111	881	5429						1.02071582627296		899.250642946482			209.804862102418
373.257	802	6028						1.02034739267826		818.318608927965			190.922546732271
374.403	828	5510						1.01651541244984		841.674761508465			196.371788731519
375.549	756	5685						1.00839767217636		762.348640165329			177.864150088099
376.695	758	5724						1.00089833110571		758.680934978128			177.008434957875
377.842	649	5235						0.991592951774597		643.543825701714			150.145707058723
378.988	643	6013						0.980773054122925		630.637073801041			147.134422803381
380.135	584	6108						0.971595996618271		567.41206202507			132.383346469849
381.282	652	5747						0.971028403639793		633.110519173145			147.711504253678
382.43	564	5941						0.969655715227127		546.8858233881			127.59435387864
383.577	638	5555						0.965424752771854		615.940992268443			143.705668669506
384.725	799	6046						0.958190581202507		765.594274380803			178.621391513895
385.873	1124	5684						0.950572406351566		1068.44338473916			249.279351377435
387.021	1596	5995						0.941793430268764		1503.10231470895			350.689962066676
388.169	2489	5366						0.929879232525826		2314.46940975678			539.990645726105
389.318	3855	5551						0.914824156403542		3526.64712293565			822.804764294662
390.467	5761	5917						0.906833928585053		5224.27026257849			1218.87853027788
391.616	7931	5137						0.900264096736908		7139.99455122042			1665.83764379912
392.765	10223	5855						0.89369755089283		9136.2700627774			2131.59022535783
393.914	12486	6104						0.879601729035378		10982.7071887357			2562.38389743477
395.064	14122	5574						0.866992444992065		12243.6673081779			2856.579476889
396.213	15174	5498						0.855591345071793		12982.7430701194			3029.01381378231
397.363	15426	5206						0.851296873390675		13132.1055689245			3063.86169374869
398.513	14342	6283						0.833838970065117		11958.9185086739			2790.14451453187
399.664	12887	5289						0.817823419094086		10539.2904018655			2458.92998438737
400.814	10841	5444						0.811693396806717		8799.56811478162			2053.03403379659
401.965	8508	5612						0.808270976543427		6876.76946843147			1604.42439641408
403.116	6165	5932						0.805383899688721		4965.19174158096			1158.43272042726
404.267	4277	5770						0.806845749437809		3450.87927034551			805.127308082471
405.418	2742	5727						0.802995802640915		2201.81449084139			513.707039577369
406.57	1846	5224						0.798603775501251		1474.22256957531			343.952006422338
407.721	1048	6064						0.797339213848114		835.611496112823			194.957163598692
408.873	782	5268						0.792383366525173		619.643792622686			144.56957188026
410.025	514	5580						0.787093396484852		404.566005793214			94.3896073053159
411.178	512	5258						0.782729811310768		400.757663391113			93.501079997853
412.33	360	5920						0.779598570466042		280.655485367775			65.4799480742518
413.483	311	5481						0.77715533965826		241.695310633719			56.390119613544
414.636	252	5541						0.773063930034637		194.812110368729			45.4517639463335
415.789	64	5508						0.767574079334736		49.1247410774231			11.4613312855636
416.942	136	5632						0.764814973473549		104.014836392403			24.2677818215498
418.095	159	5509						0.758959666192532		120.674586924613			28.1546810864959
419.249	91	5706						0.754310080230236		68.6422173009515			16.0149687389074
420.403	117	6322						0.749042696177959		87.6379954528212			20.4468884121841
421.557	136	5173						0.746913892745972		101.580289413452			23.6997757854051
422.711	127	5013						0.744489803671837		94.5502050663233			22.0595813762191
423.865	117	4939						0.741288238763809		86.7307239353657			20.2352121936545
425.02	114	5096						0.737282284498215		84.0501804327965			19.6098125185724
426.175	67	4768						0.73229214400053		49.0635736480355			11.4470602653665
427.33	83	5347						0.729671936035156		60.562770690918			14.1299468096178
428.485	63	5058						0.724908088445663		45.6692095720768			10.6551185609397
429.64	74	5167						0.721931509971619		53.4229317378998			12.4641454685554
430.796	137	5236						0.722750285387039		99.0167890980244			23.1016835467212
431.951	30	4917						0.720120569527149		21.6036170858145			5.04035658929464
433.107	-29	5070						0.718570545256138		-20.838545812428			-4.86185721954671
434.263	19	4680						0.717710513532162		13.6364997571111			3.18154229139719
435.419	48	4810						0.718622038066387		34.4938578271866			8.04778861330655
436.576	81	4697						0.71669925403595		58.0526395769119			13.5443061805409
437.733	59	5007						0.713619389772415		42.1035439965725			9.8232103713377
438.889	50	5005						0.713985792338848		35.6992896169424			8.32902883527061
440.046	79	4552						0.711633763670921		56.2190673300028			13.1165140233319
441.204	49	4164						0.709985836982727		34.7893060121536			8.11671985755044
442.361	1	4575						0.705706898629665		0.705706898629665			0.164649021619364
443.518	79	4966						0.704199115753174		55.6317301445007			12.9794819309132
444.676	79	4835						0.704026958942413		55.6181297564506			12.976308813872
445.834	-13	4960						0.701596156954765		-9.12075004041195			-2.12796923695181
446.992	162	4816						0.697741871833801		113.034183237076			26.3720926005782
448.151	66	4986						0.693692776739597		45.7837232648134			10.6818358390444
449.309	86	4137						0.690499822378159		59.3829847245216			13.854690034511
450.468	14	4898						0.689702636480331		9.65583691072464			2.25281076797472
451.627	51	4280						0.686930800139904		35.0334708071351			8.17368613446463
452.786	71	4213						0.684119152188301		48.5724598053694			11.3324781153893
453.945	24	4297						0.683550472259521		16.4052113342285			3.82751252805463
455.104	72	4311						0.681973675251007		49.1021046180725			11.4560499557478
456.264	56	4537						0.680827401638031		38.1263344917297			8.89528454969821
457.423	35	4316						0.678744689822197		23.7560641437769			5.54254567497477
458.583	102	4311						0.678083486199379		69.1645155923367			16.1368265567027
459.743	57	4474						0.675116065323353		38.4816157234311			8.97817548829175
460.904	69	4198						0.674270970821381		46.5246969866753			10.8547129904328
462.064	97	4522						0.672095223903656		65.1932367186546			15.2102844152002
463.225	70	4445						0.671147872507572		46.9803510755301			10.9610219978585
464.386	111	4727						0.668423616528511		74.1950214346647			17.310497760425
465.547	38	4440						0.666613503575325		25.3313131358623			5.91006823406749
466.708	53	4125						0.664178503036499		35.2014606609344			8.21287997701279
467.869	13	4777						0.661491177558899		8.59938530826568			2.00632922858373
469.031	35	4487						0.659723632454872		23.0903271359205			5.38722205944515
470.192	62	4322						0.657433628559113		40.760884970665			9.50995355691043
471.354	-20	4141						0.657141960501671		-13.1428392100334			-3.06636596784665
472.516	74	4006						0.656322654008865		48.567876396656			11.3314087567621
473.678	15	4082						0.655532531380653		9.8329879707098			2.29414201861436
474.841	7	4738						0.653994550824165		4.57796185576916			1.06808781666552
476.003	60	4605						0.65433312523365		39.259987514019			9.1597780119815
477.166	59	4523						0.652472535014152		38.495879565835			8.98150339638064
478.329	45	4424						0.650878939032555		29.289552256465			6.83356806070687
479.492	34	4156						0.649310790061951		22.0765668621063			5.15070086691579
480.655	-14	4164						0.649775493741035		-9.09685691237449			-2.12239471279393
481.819	44	4450						0.650590731322765		28.6259921782017			6.67875234630211
482.982	14	4510						0.651559864878654		9.12183810830116			2.12822309491149
484.146	54	4080						0.652539778470993		35.2371480374336			8.22120622638935
485.31	16	4552						0.652109997272491		10.4337599563599			2.43430859463293
486.474	23	4261						0.652217782020569		15.0010089864731			3.4998969936699
487.638	60	4192						0.65232830452919		39.1396982717514			9.13171323595457
488.803	39	4261						0.652081588387489		25.4311819471121			5.93336870356054
489.967	72	3868						0.652176523208618		46.9567096710205			10.9555062035113
491.132	75	3961						0.653449621677399		49.0087216258049			11.4342626976912
492.297	57	3935						0.652707483828068		37.2043265781999			8.68017017121787
493.462	61	4124						0.651826938271522		39.7614432345629			9.27677303347456
494.627	59	4630						0.651741655409336		38.4527576691508			8.97144259335717
495.793	-4	4505						0.651546330213547		-2.60618532085419			-0.608051110270599
496.959	26	4630						0.651001789748669		16.9260465334654			3.9490289906906
498.124	58	4358						0.650839629173279		37.7486984920502			8.80717800292046
499.29	138	4056						0.650206108093262		89.7284429168701			20.9346123247187
500.456	10	4532						0.649850030422211		6.49850030422211			1.51617012553082
501.623	28	4459						0.650918572664261		18.2257200345993			4.25225681913019
502.789	27	4121						0.649416565477848		17.5342472679019			4.09092877382663
503.956	43	4365						0.649767102003098		27.9399853861332			6.51869957176123
505.122	8	4157						0.650098850846291		5.20079080677032			1.21340052030734
506.289	36	3961						0.648488202512264		23.3455752904415			5.44677420353448
507.456	16	4710						0.647146306037903		10.3543408966064			2.41577927245722
508.624	2	4062						0.646195837974548		1.2923916759491			0.301528900181115
509.791	26	4474						0.645996826291084		16.7959174835682			3.91866848154518
510.959	68	3703						0.644661892831326		43.8370087125301			10.2276463631756
512.126	36	4035						0.64321480345726		23.1557329244614			5.40248193449017
513.294	-24	3901						0.640948290944099		-15.3827589826584			-3.58896338015012
514.462	-4	5980						0.641556780338287		-2.56622712135315			-0.598728431880616
515.631	59	3693						0.641125580251217		37.8264092348218			8.82530875634161
516.799	28	3714						0.640242144465446		17.9267800450325			4.182510899258
517.968	21	4474						0.639801183223724		13.4358248476982			3.13472267327734
519.136	57	3654						0.638278660774231		36.3818836641312			8.48828537966753
520.305	53	4068						0.638359197080135		33.8330374452472			7.8936120995673
521.474	18	3890						0.637871239900589		11.4816823182106			2.67880017030948
522.643	-44	4009						0.636972936213017		-28.0268091933727			-6.53895650129248
523.813	50	4241						0.637018994748592		31.8509497374296			7.43116968545795
524.982	-2	4032						0.636499651432037		-1.27299930286407			-0.297004450637648
526.152	-66	4132						0.634911574840546		-41.904163939476			-9.77669285621196
527.322	40	4320						0.635550410628319		25.4220164251328			5.93123028854794
528.492	72	3691						0.636072457551956		45.7972169437408			10.6849840596977
529.662	40	3839						0.633644522190094		25.3457808876038			5.91344371640141
530.832	92	4048						0.63472258234024		58.3944775753021			13.6240606679868
532.003	3	3745						0.63611277794838		1.90833833384514			0.445235890702572
533.173	-69	4057						0.637413509607315		-43.9815321629047			-10.2613652410149
534.344	28	4214						0.638154316902161		17.8683208732605			4.16887174473701
535.515	-45	4031						0.640742622613907		-28.8334180176258			-6.72714702911742
536.686	17	3568						0.643246664643288		10.9351932989359			2.55129839510503
537.857	26	4283						0.644801661491394		16.7648431987762			3.91141851615806
539.028	39	4406						0.646947417974472		25.2309493010044			5.88665227023404
540.2	-35	3972						0.647476816177368		-22.6616885662079			-5.28721606365774
541.372	-2	4123						0.650555577516556		-1.30111115503311			-0.303563248581281
542.543	-65	3600						0.651782942414284		-42.3658912569285			-9.88441881329286
543.715	11	3811						0.651083972454071		7.16192369699478			1.67095394973819
544.887	1	3937						0.65258925640583		0.65258925640583			0.152256103483146
546.06	5	3461						0.65589003443718		3.2794501721859			0.765131052776085
547.232	32	3694						0.656999234199524		21.0239754943848			4.9051199618731
548.405	-54	3820						0.656617149412632		-35.4573260682821			-8.27257613283589
549.577	50	3922						0.656359051525593		32.8179525762796			7.65678186471957
550.75	42	3379						0.657327950000763		27.607773900032			6.44119105333314
551.923	2	3714						0.658800621747971		1.31760124349594			0.30741056385777
553.096	-44	3664						0.658052548408508		-28.9543121299744			-6.75535292785014
554.27	8	3916						0.658616010546684		5.26892808437347			1.22929768117533
555.443	-4	4101						0.660372032523155		-2.64148813009262			-0.616287635962512
556.617	40	3767						0.661871314406395		26.4748525762558			6.1768683041951
557.791	24	3664						0.663867437303066		15.9328184952736			3.71729818991375
558.964	8	3853						0.665494206666946		5.32395365333557			1.24213573917257
560.138	-24	3208						0.664522175550461		-15.9485322132111			-3.72096436958328
561.313	-7	3790						0.66610877507925		-4.66276142555475			-1.08787246979284
562.487	39	3919						0.66906122225523		26.093387667954			6.08786843178918
563.661	-40	3941						0.669483950138092		-26.7793580055237			-6.24791270110279
564.836	60	3906						0.671558620929718		40.2935172557831			9.40091163434852
566.011	-12	3608						0.673724213838577		-8.08469056606293			-1.88624540072139
567.186	74	3649						0.674197879076004		49.8906430516243			11.6400244667603
568.361	9	4087						0.675788903951645		6.0821001355648			1.41901948054678
569.536	67	4219						0.676468836307526		45.3234120326042			10.5744402699054
570.711	4	3737						0.678419267773628		2.71367707109451			0.633130093547636
571.887	20	3680						0.68189245980978		13.6378491961956			3.18185713007233
573.062	32	3875						0.683145074248314		21.860642375946			5.10032335826597
574.238	57	3755						0.685325282692909		39.0635411134958			9.11394495053687
575.414	43	3734						0.6872555154562		29.5519871646166			6.89479695183694
576.59	12	3570						0.689641579985619		8.27569895982742			1.93080971660873
577.766	-23	3432						0.691481892704964		-15.9040835322142			-3.71059401348697
578.942	-45	3863						0.692742626428604		-31.1734181892872			-7.27309427662388
580.119	66	3454						0.694669529855251		45.8481889704466			10.6968763826201
581.295	25	3761						0.695484412908554		17.3871103227139			4.05660013949371
582.472	81	3728						0.696441006660461		56.4117215394974			13.1614623257585
583.649	14	4021						0.696219306766987		9.74707029473782			2.27409649926906
584.826	25	4191						0.697707087755203		17.4426771938801			4.0695644891263
586.003	65	4120						0.699007830560207		45.4355089864135			10.6005936967842
587.18	26	3850						0.700653103590012		18.2169806933403			4.25021783667063
588.358	13	3461						0.702389145851135		9.13105889606476			2.13037440402691
589.535	-65	3391						0.703842284977436		-45.7497485235333			-10.6739091659137
590.713	-15	4023						0.705009218454361		-10.5751382768154			-2.46729367978145
591.891	62	3597						0.706136934280395		43.7804899253845			10.2144599212905
593.069	11	3841						0.706100133597851		7.76710146957636			1.81214844330886
594.247	-49	4134						0.707231173396111		-34.6543274964094			-8.08522791578245
595.425	-14	3866						0.70902129560709		-9.92629813849926			-2.31591228593569
596.603	-31	3803						0.71069172334671		-22.031443423748			-5.1401730826583
597.782	40	3738						0.71167844414711		28.4671377658844			6.6416899006625
598.96	63	3834						0.713288617134094		44.9371828794479			10.4843288478525
600.139	5	3965						0.713607416987419		3.5680370849371			0.832461488299533
601.318	-24	3773						0.715292008042336		-17.1670081930161			-4.00524794160327
602.497	-29	3594						0.716915852129459		-20.7905597117543			-4.85066154533325
603.676	76	4101						0.717930426597595		54.5627124214172			12.730068580213
604.855	27	3988						0.720436728298664		19.4517916640639			4.53831253803927
606.035	29	3643						0.722946373522282		20.9654448321462			4.89146412785613
607.214	49	3742						0.723779684662819		35.4652045484781			8.2744142671359
608.394	30	3656						0.724917425394058		21.7475227618217			5.07393133371911
609.574	73	3950						0.726339960694313		53.0228171306848			12.3707944204907
610.753	98	4064						0.727648335456848		71.3095368747711			16.6372831289586
611.933	-7	4023						0.72967752468586		-5.10774267280102			-1.19169138829899
613.114	23	4096						0.732327119350433		16.84352374506			3.92977553518571
614.294	49	3484						0.734237444877624		35.9776347990036			8.39396976469588
615.474	-38	3900						0.737076430797577		-28.0089043703079			-6.53477911319324
616.655	43	3913						0.738334437012672		31.7483807915449			7.40723924546758
617.835	-34	4018						0.739576000571251		-25.1455840194225			-5.86673563045057
619.016	43	3728						0.740208207130432		31.8289529066086			7.42603758786836
620.197	14	3841						0.743072459816933		10.4030144374371			2.42713533386469
621.378	-36	4012						0.744377560853958		-26.7975921907425			-6.25216693294059
622.559	-42	4034						0.744773179590702		-31.2804735428095			-7.29807144384556
623.741	-43	4072						0.747463345468044		-32.1409238551259			-7.49882377083864
624.922	42	4353						0.749542539715767		31.4807866680622			7.34480665382355
626.103	-35	4198						0.751761752605438		-26.3116613411903			-6.13879403109028
627.285	75	3797						0.753106582164764		56.4829936623573			13.1780908797948
628.467	-31	4076						0.754724765539169		-23.3964677317143			-5.45864795831802
629.649	14	3884						0.756944778263569		10.59722689569			2.4724471925127
630.831	-33	3911						0.757881557285786		-25.0100913904309			-5.83512374052371
632.013	-18	4005						0.759811970233917		-13.6766154642105			-3.19090171800662
633.195	18	3722						0.761249177753925		13.7024851995707			3.19693740594572
634.377	30	3828						0.76124135941267		22.8372407823801			5.32817428681241
635.56	39	3993						0.761525342464447		29.6994883561134			6.92921056875751
636.742	49	3851						0.763120270252228		37.3928932423592			8.72416480528499
637.925	8	4075						0.76410797983408		6.11286383867264			1.42619698388127
639.108	-56	4116						0.763966547727585		-42.7821266727447			-9.98153101966431
640.291	29	4168						0.765340702414513		22.1948803700209			5.17830468283471
641.474	-3	3687						0.767627731204033		-2.3028831936121			-0.537287456687998
642.657	61	3903						0.770121692717076		46.9774232557416			10.9603389059621
643.84	-12	3611						0.772157564163208		-9.2658907699585			-2.1618321326715
645.024	-47	3896						0.775106094360352		-36.4299864349365			-8.49950827427953
646.207	34	4069						0.777079392313957		26.4206993386745			6.16423377050613
647.391	-22	4042						0.780120379388332		-17.1626483465433			-4.00423074245509
648.575	-2	4539						0.781434169411659		-1.56286833882332			-0.364634019317099
649.758	-36	3999						0.784258639097214		-28.2333110074997			-6.58713559905198
650.942	-2	3745						0.787296044826508		-1.57459208965302			-0.367369296678801
652.126	80	4210						0.790828143715858		63.2662514972687			14.7606980047623
653.311	29	4076						0.793973514676094		23.0252319256067			5.37203464564619
654.495	-40	3763						0.796096345186234		-31.8438538074493			-7.42951412855323
655.679	83	3703						0.798523485898971		66.2774493296146			15.4632428969276
656.864	-20	4162						0.801231012821198		-16.024620256424			-3.73871652971699
658.048	-91	4220						0.802534914016724		-73.0306771755218			-17.0388437019649
659.233	11	4136						0.804258584320545		8.846844427526			2.06406410684001
660.418	73	4370						0.807184444189072		58.9244644258022			13.7477123094479
661.603	7	4450						0.810700052380562		5.67490036666393			1.32401538793645
662.788	95	4057						0.812761988401413		77.2123888981342			18.0144820939933
663.973	25	4361						0.813791996836662		20.3447999209166			4.74666098422041
665.158	6	4128						0.814366265773773		4.88619759464264			1.14000253498865
666.344	82	4465						0.816811884403229		66.9785745210648			15.6268229569059
667.529	69	4421						0.819827400386334		56.568090626657			13.1979449182659
668.715	66	4435						0.82073716878891		54.1686531400681			12.6381303049033
669.901	63	4130						0.822161211669445		51.796156335175			12.0846012427966
671.086	84	4357						0.823649057149887		69.1865208005905			16.1419606088376
672.272	11	3751						0.825093715190887		9.07603086709976			2.11753577208449
673.458	79	3918						0.826576143622398		65.2995153461695			15.2350803638771
674.644	57	4398						0.829223261594772		47.265725910902			11.0276030211275
675.831	117	3881						0.830199020862579		97.1332854409218			22.6622418536322
677.017	107	4335						0.832225205779076		89.0480970183611			20.7758802976267
678.203	15	4634						0.832936916172504		12.4940537425876			2.91499732930387
679.39	109	3901						0.833867330551147		90.8915390300751			21.2059751772859
680.577	109	4229						0.834900717318058		91.0041781876683			21.2322551061483
681.763	45	4035						0.839281896054745		37.7676853224635			8.81160783498995
682.95	90	4682						0.842290657758713		75.8061591982841			17.6863935565254
684.137	61	4205						0.844231115341186		51.4980980358124			12.0150610307469
685.324	-18	4399						0.84645173740387		-15.2361312732697			-3.55475355601488
686.511	110	4223						0.847861460864544		93.2647606950998			21.7596733570698
687.698	230	4254						0.850098981618881		195.522765772343			45.6175675074731
688.886	421	4576						0.852330431818962		358.831111795783			83.7191638603611
690.073	495	4038						0.854330955266952		422.893822857141			98.6656844612201
691.261	703	4399						0.85546494603157		601.391857060194			140.311198696068
692.448	960	4574						0.856742285251617		822.472593841553			191.891716161069
693.636	1256	4356						0.860186537027359		1080.39429050636			252.067626433065
694.824	1379	4484						0.862332262516022		1189.15619000959			277.442949215715
696.012	1550	3848						0.863517659425735		1338.45237210989			312.275356780459
697.2	1803	4478						0.864405632019043		1558.52335453033			363.620287675563
698.388	1881	4764						0.865042439460754		1627.14482862568			379.630416801148
699.576	1875	4313						0.867208780288696		1626.01646304131			379.367156955089
700.764	1835	4408						0.87188481926918		1599.90864335895			373.275921378871
701.953	1728	4656						0.875110608637333		1512.19113172531			352.810480985122
703.141	1502	4948						0.878157629787922		1318.99275994146			307.735219634505
704.33	1314	4745						0.880751495957375		1157.30746568799			270.012298743742
705.518	1103	4378						0.883658100128174		974.674884441376			227.402150144566
706.707	887	4308						0.887907485425472		787.573939572394			183.749484177214
707.896	649	4844						0.890969345092773		578.23910496521			134.909412221206
709.085	408	4748						0.89261112511158		364.185339045525			84.968362755695
710.274	324	4614						0.896733320951462		290.541595988274			67.7864841793213
711.463	242	4476						0.900501980185509		217.921479204893			50.8434286395707
712.652	166	4449						0.901276958227158		149.611975065708			34.9060854654283
713.842	75	4580						0.904821574687958		67.8616181015968			15.8328465367578
715.031	128	4128						0.907471818566322		116.156392776489			27.1005377198668
716.22	48	4529						0.912556691169739		43.8027211761475			10.2196467115778
717.41	7	4309						0.914989653229713		6.40492757260799			1.49433859924076
718.6	75	4251						0.916420924663544		68.7315693497658			16.0358155344334
719.789	95	4416						0.917932801544666		87.2036161467433			20.345543040761
720.979	-20	4197						0.919841084301472		-18.3968216860294			-4.29217667758719
722.169	-3	4094						0.922960644185543		-2.76888193255663			-0.646009982416541
723.359	-19	4151						0.925239002287388		-17.5795410434604			-4.10149629958786
724.549	3	4234						0.92883500880003		2.78650502640009			0.650121640053538
725.739	61	3917						0.931295290052891		56.8090126932263			13.2541546317095
726.929	32	4078						0.936093247771263		29.9549839286804			6.98882043814226
728.12	22	4269						0.93748233795166		20.6246114349365			4.8119440246876
729.31	6	3979						0.936461798548698		5.61877079129219			1.31091975335102
730.501	33	4037						0.940944082558155		31.0511547244191			7.24456889319712
731.691	30	4054						0.947644004762173		28.4293201428652			6.63286664182491
732.882	-12	4288						0.948695429444313		-11.3843451533318			-2.65609036118671
734.072	31	4511						0.950611038208008		29.4689421844482			6.8754216633685
735.263	-13	4175						0.952539322674275		-12.3830111947656			-2.88908990670036
736.454	-31	4675						0.955694661736488		-29.6265345138311			-6.91218965146383
737.645	-56	4168						0.961132835149765		-53.8234387683868			-12.5575880731968
738.836	21	4296						0.966259556770325		20.2914506921768			4.73421403445528
740.027	27	4142						0.965026663422585		26.0557199124098			6.07908013864795
741.218	30	4207						0.968652835845947		29.0595850753784			6.77991424005698
742.41	-1	4294						0.972364280819893		-0.972364280819893			-0.226863061428888
743.601	24	3893						0.975263322710991		23.4063197450638			5.46094653916246
744.793	22	4556						0.975372833967209		21.4582023472786			5.00642976432601
745.984	-9	3760						0.981587092399597		-8.83428383159638			-2.06113358450165
747.176	59	4159						0.984719424724579		58.0984460587501			13.5549933262002
748.367	23	4564						0.986225669503212		22.6831903985739			5.29223267277543
749.559	-48	3895						0.991533704936504		-47.5936178369522			-11.1041037396636
750.751	67	4365						0.998243507683277		66.8823150147796			15.6043645771421
751.943	46	4129						1.00300593918562		46.1382732025385			10.7645561588755
753.135	-7	4243						1.00934831798077		-7.06543822586536			-1.64844284994196
754.327	-10	4416						1.01723175132275		-10.1723175132275			-2.3733112562831
755.519	-17	4007						1.02129050779343		-17.3619386324883			-4.05072731300413
756.711	-1	4234						1.02455157959461		-1.02455157959461			-0.239038920416379
757.903	28	3938						1.03400232994556		28.9520652384758			6.75482870385907
759.095	-15	3875						1.03842205166817		-15.5763307750225			-3.63412576454475
760.288	36	4560						1.0411951379776		37.4830249671936			8.7451935076254
761.48	30	4495						1.0439857673645		31.3195730209351			7.30719377328814
762.673	43	3736						1.04726111209393		45.0322278200388			10.5065038563561
763.865	-3	4240						1.05790251135826		-3.17370753407478			-0.740460156200959
765.058	57	4283						1.06507265734673		60.7091414687634			14.1640966888562
766.251	-8	4104						1.06660321748257		-8.53282573986053			-1.99080016426738
767.443	-37	3867						1.06714474976063		-39.4843557411432			-9.2121255363577
768.636	-10	4412						1.07803518629074		-10.7803518629074			-2.51517222006305
769.829	-35	4317						1.07299749743939		-37.5549124103785			-8.76196562252196
771.022	65	3895						1.07688954544067		69.9978204536438			16.3312455575532
772.215	11	4065						1.08426342070103		11.9268976277113			2.78267369806101
773.408	61	3815						1.08922440433502		66.4426886644363			15.5017950137686
774.602	17	4352						1.09875628829002		18.6788569009304			4.35797853142456
775.795	30	4054						1.09847529351711		32.9542588055134			7.68858357634736
776.988	-18	3703						1.10648973369598		-19.9168152065277			-4.64680753992364
778.182	62	4083						1.10890299916267		68.7519859480858			16.0405789467575
779.375	38	4154						1.11324769258499		42.3034123182297			9.86984180384525
780.568	25	4145						1.11452184200287		27.8630460500717			6.50074879583547
781.762	24	3761						1.12487012839317		26.9968830814361			6.29866364458402
782.956	69	4066						1.12527850627899		77.6442169332504			18.1152322264176
784.149	41	3826						1.13951475012302		46.720104755044			10.9003037278072
785.343	67	3881						1.14891079926491		76.9770235507488			17.9595688229945
786.537	98	4539						1.14589951860905		112.298152823687			26.2003687763079
787.731	131	3775						1.15332021522522		151.084948194504			35.2497459638573
788.925	106	3809						1.15303174257278		122.221364712715			28.5155610069957
790.119	78	4332						1.15740005648136		90.2772044055462			21.0626442915145
791.313	101	3863						1.16115129923821		117.276281223059			27.3618197583569
792.507	133	4090						1.1567036588192		153.841586622953			35.8928994048735
793.701	173	4315						1.17259771776199		202.859405172825			47.3292845129453
794.895	80	4295						1.17214623570442		93.7716988563538			21.8779474910396
796.089	83	3909						1.16579594624042		96.7610635379552			22.5753984739405
797.284	158	4047						1.15570373821259		182.601190637589			42.602824831938
798.478	118	4004						1.17285396242142		138.396767565727			32.2894567407897
799.673	-22	4431						1.19798221123219		-26.3556086471081			-6.1490474109796
800.867	67	4123						1		67			15.6318217519457
802.062	79	4314						1		79			18.4315510209509
803.256	47	4007						1		47			10.9656063036037
804.451	32	3608						1		32			7.46594471734721
805.646	19	4067						1		19			4.43290467592491
806.84	-47	4087						1		-47			-10.9656063036037
808.035	26	4152						1		26			6.06608008284461
809.23	39	4382						1		39			9.09912012426692
810.425	40	4161						1		40			9.33243089668402
811.62	42	3342						1		42			9.79905244151822
812.815	-62	3827						1		-62			-14.4652678898602
814.01	1	4156						1		1			0.2333107724171
815.205	-33	4140						1		-33			-7.69925548976432
816.4	52	4119						1		52			12.1321601656892
817.595	-8	3840						1		-8			-1.8664861793368
818.79	1	4402						1		1			0.2333107724171
819.986	-18	4684						1		-18			-4.19959390350781
821.181	67	3648						1		67			15.6318217519457
822.376	-52	3995						1		-52			-12.1321601656892
823.572	21	4476						1		21			4.89952622075911
824.767	47	4080						1		47			10.9656063036037
825.963	35	4041						1		35			8.16587703459852
827.158	27	3980						1		27			6.29939085526171
828.354	15	4715						1		15			3.49966158625651
829.55	5	4505						1		5			1.1665538620855
