wavelength	S-Sdark	Sdark	I	Idark	Wavelength	R	Rdark	Mcorrect	XCorrect	Sc	Ic	Rc	Sc/Rc
nm	counts	counts			nm	uA	uA			counts*Mcorrect		uA*Xcorrect	counts/uA
	Raw CCD Data	Dark Offset CCD				Linear interp of B	Dark Offset Ref	interpolated	Linear interp of B	Dark Corrected CCD		Dark Corrected Ref	Fully Corrected Emission Spectrum
247.409	39	4073	3.30666487220389	0.00990859489296336	350.0099	4.24156266143697	0.00380618068700073	1	1.01184158554077	39	3.29675627731092	4.28793823661773	9.09528026009132
248.53	50	3472						1		50			11.6606157180658
249.652	-7	4505						1		-7			-1.63248620052921
250.774	41	4333						0.925311547040939		37.9377734286785			8.84755594301735
251.895	23	4365						0.921467655003071		21.1937560650706			4.9426449019443
253.018	-22	4355						0.92431284058094		-20.3348824927807			-4.74234500840679
254.14	83	4485						0.919715992212295		76.3364273536205			17.8025948932123
255.263	45	4671						0.930799100995064		41.8859595447779			9.76832156468209
256.386	-22	4810						0.937153578042984		-20.6173787169457			-4.80822660664263
257.509	-61	4466						0.949099625766277		-57.8950771717429			-13.5018449373492
258.632	8	4591						0.957326894283295		7.65861515426636			1.7860833649291
259.756	55	4618						0.972303986310958		53.4767192471027			12.4714294600671
260.88	-21	4510						0.982637572288513		-20.6353890180588			-4.81242683064757
262.004	40	5125						0.986034608602524		39.441384344101			9.19821652450196
263.128	38	4581						1.01152352046967		38.4378937778473			8.96419016710619
264.252	25	5054						1.0250078253746		25.6251956343651			5.97611117985177
265.377	-2	4621						1.03853230035305		-2.0770646007061			-0.484397042608632
266.502	50	4516						1.04976883935928		52.4884419679642			12.2409510285685
267.627	59	4379						1.06614746153355		62.9027002304792			14.6696843003261
268.753	65	4170						1.07045086801052		69.5793064206839			16.2267510820228
269.879	46	4201						1.07540285468102		49.4685313153267			11.5366706761026
271.005	8	4878						1.07964330971241		8.63714647769928			2.01428891954194
272.131	28	4893						1.07961494445801		30.2292184448242			7.04982599485123
273.257	67	4890						1.08346064424515		72.5918631644249			16.9293164123755
274.384	30	4721						1.08260107326508		32.4780321979523			7.57427705478578
275.511	103	4695						1.07637163162231		110.866278057098			25.8553812903211
276.638	-41	5153						1.07179044699669		-43.9434083268643			-10.2481439568323
277.765	-41	4423						1.0713169503212		-43.9239949631691			-10.2436165213554
278.893	82	4557						1.06080207884312		86.9857704651356			20.2861528466765
280.02	124	5567						1.06084104061127		131.544289035797			30.6777480870521
281.149	49	4487						1.05004143643379		51.4520303852558			11.9992470847343
282.277	89	4819						1.04244767904282		92.7778434348106			21.636935588884
283.405	201	5043						1.03503982007504		208.043003835082			48.5181904110596
284.534	109	4558						1.02977042365074		112.244976177931			26.176910669886
285.663	40	4370						1.02080096006393		40.8320384025574			9.52253417595053
286.792	93	4915						1.01475157928467		94.3718968734741			22.0086884805303
287.922	166	4895						1.01201539897919		167.994556230545			39.1783992586276
289.051	97	4771						1.00734438562393		97.7124054055214			22.7877362064328
290.181	81	4881						0.998710796535015		80.8955745193362			18.8658441552427
291.311	124	5033						0.990505812764168		122.822720782757			28.6437709699004
292.441	170	4918						0.986078617393971		167.633364956975			39.0941650057912
293.572	35	4863						0.977937115192413		34.2277990317345			7.9823442276848
294.703	78	5050						0.971070101201534		75.7434678937197			17.6643094452464
295.834	115	4710						0.967555964827537		111.268935955167			25.9492860706255
296.965	180	4894						0.958874736428261		172.597452557087			40.2518513637057
298.096	108	5068						0.951765494823456		102.790673440933			23.9720508479183
299.228	141	4183						0.950759452342987		134.057082780361			31.2637625317345
300.36	144	4136						0.950849938392639		136.92239112854			31.9319877229721
301.492	97	4477						0.946665534734726		91.8265568692684			21.4150838473131
302.624	175	4509						0.9444794049263		165.283895862103			38.5462398806556
303.757	133	4780						0.940896519899368		125.139237146616			29.1840111123719
304.89	226	4547						0.94010116994381		212.462864407301			49.5489563242611
306.023	240	4701						0.942129963457584		226.11119122982			52.7319142097004
307.156	375	4346						0.939862842559814		352.44856595993			82.1953457608422
308.29	442	5283						0.938178123235703		414.674730470181			96.7072536001056
309.423	537	4509						0.939299685955048		504.403931357861			117.633208204913
310.557	612	4522						0.938061773300171		574.093805259705			133.88574498511
311.691	807	4499						0.938911969423294		757.701959324598			176.705427530193
312.826	998	4252						0.94006462597847		938.184496726513			218.796177779496
313.96	1100	4939						0.937823309898376		1031.60564088821			240.583139019729
315.095	1350	4451						0.936879434585571		1264.78723669052			294.96395864325
316.23	1540	4888						0.93723745405674		1443.34567924738			336.605986280687
317.365	1649	4591						0.935165983438492		1542.08870669007			359.63407623764
318.501	1939	4661						0.93718681371212		1817.2052317878			423.794637774724
319.637	2096	5074						0.935485493659973		1960.7775947113			457.277480810437
320.773	2073	4958						0.943891193270684		1956.68644365013			456.323374003059
321.909	2204	4673						0.954208368599415		2103.07524439311			490.463045020907
323.045	2330	4395						0.960704495310784		2238.44147407413			522.032116731182
324.182	2338	4343						0.970674723386765		2269.43750327826			529.260772437888
325.318	2236	4808						0.976976701498032		2184.5199045496			509.456942708373
326.455	2274	5336						0.983147080540657		2235.67646114945			521.38728166778
327.593	2183	5011						0.988878651857376		2158.72209700465			503.440576305368
328.73	2172	4319						0.994296656847		2159.61233867168			503.648191624877
329.868	2113	4622						0.999411975383758		2111.75750398588			492.487854874423
331.006	2088	4721						1.00141954398155		2090.96400783348			487.638555513059
332.144	2049	4772						1.00371232891083		2056.60656193829			479.625976040296
333.282	2039	4622						1.00382857680321		2046.80646810174			477.340473475717
334.421	1948	5051						1.00450361943245		1956.77305065441			456.343571822968
335.559	2034	4601						1.00496183311939		2044.09236856484			476.707512041311
336.698	1953	4622						1.00366144108772		1960.15079444432			457.131303269532
337.837	1961	4649						1.00265689241886		1966.21016603339			458.544423341393
338.977	2026	4888						1.00396680414677		2034.03674520135			474.362416844365
340.116	2224	4586						1.00274035453796		2230.09454849243			520.085510898474
341.256	2813	5034						1.00164115619659		2817.61657238102			657.102881827776
342.396	5058	4824						1.00201554250717		5068.19461400127			1181.96539556479
343.537	11666	4594						1.00339006316662		11705.5484769018			2729.87805116684
344.677	24311	4929						1.00478569376469		24427.3450011133			5696.75766141195
345.818	42565	5328						1.00535330367088		42792.8633707511			9979.82270484045
346.959	60319	5216						1.0075031017065		60771.5795918347			14172.6807240047
348.1	60591	4944						1.01179790496826		61305.8468599319			14297.2784300851
349.241	60246	5289						1.01561871695518		61186.9652216821			14269.5537680938
350.382	60325	5210						1.01888515901566		61464.2472176194			14334.2193440971
351.524	60351	5184						1.02182632493973		61668.2405364375			14381.7930980929
352.666	60786	4749						1.02538313937187		62328.9395098586			14535.8762347806
353.808	57609	4949						1.02775498008728		59207.9366478481			13808.0199342028
354.951	35243	5011						1.0299445027113		36298.3341090542			8465.21850503282
356.093	18209	5065						1.03344257068634		18817.9557696276			4388.57901658372
357.236	7909	5025						1.03791811180115		8208.89434623527			1914.41524883305
358.379	3040	4818						1.03977746891975		3160.92350551605			737.166286240482
359.522	1641	5279						1.04188874721527		1709.73943418026			398.732290399985
360.666	1298	6050						1.04259371805191		1353.28664603138			315.603110715241
361.809	1049	5831						1.04099815070629		1092.0070600909			254.669493782695
362.953	941	5979						1.04417902874947		982.572466053247			229.147998835983
364.097	956	5356						1.04015420842171		994.387423251152			231.903392348186
365.241	906	5310						1.0382548199892		940.658866910219			219.373231376625
366.386	884	5337						1.03616512846947		915.969973567009			213.615477421035
367.531	738	5755						1.03225916409493		761.807263102055			177.66283492529
368.675	918	6179						1.03037594854832		945.885120767355			220.592058134088
369.82	853	5856						1.02412230730057		873.576328127384			203.728757253848
370.966	920	5960						1.02308704543114		941.240081796646			219.50877784543
372.111	856	5454						1.02071582627296		873.732747289658			203.765236128692
373.257	792	6122						1.02034739267826		808.115135001182			188.462400904033
374.403	831	5451						1.01651541244984		844.724307745814			197.000110806662
375.549	805	5653						1.00839767217636		811.760126101971			189.312457714474
376.695	831	5705						1.00089833110571		831.746513148844			193.973529293397
377.842	663	5297						0.991592951774597		657.426127026558			153.31986860546
378.988	660	6032						0.980773054122925		647.31021572113			150.960713518047
380.135	658	6006						0.971595996618271		639.310165774822			149.095003355063
381.282	565	5823						0.971028403639793		548.631048056483			127.947516447727
382.43	587	5858						0.969655715227127		569.187904838324			132.741628593814
383.577	679	5554						0.965424752771854		655.523407132089			152.87613089529
384.725	792	6041						0.958190581202507		758.886940312385			176.981779688829
385.873	1116	5668						0.950572406351566		1060.83880548835			247.400672992231
387.021	1637	6011						0.941793430268764		1541.71584534997			359.547120381578
388.169	2573	5313						0.929879232525826		2392.57926528895			557.978947750933
389.318	3978	5505						0.914824156403542		3639.17049417329			848.699373301566
390.467	5912	5855						0.906833928585053		5361.20218579483			1250.29836950816
391.616	7912	5149						0.900264096736908		7122.88953338242			1661.14555302011
392.765	10394	5830						0.89369755089283		9289.09234398008			2166.33072385557
393.914	12506	6138						0.879601729035378		11000.2992233164			2565.40524053661
395.064	14232	5603						0.866992444992065		12339.0364771271			2877.6152538195
396.213	15284	5530						0.855591345071793		13076.8581180773			3049.68434629136
397.363	15360	5206						0.851296873390675		13075.9199752808			3049.46555983859
398.513	14745	6236						0.833838970065117		12294.9556136102			2867.33505361968
399.664	12888	5285						0.817823419094086		10540.1082252846			2458.08303283736
400.814	10704	5511						0.811693396806717		8688.3661194191			2026.23397072817
401.965	8415	5673						0.808270976543427		6801.60026761293			1586.21693977056
403.116	6267	5909						0.805383899688721		5047.34089934921			1177.10205250776
404.267	4193	5861						0.806845749437809		3383.10422739273			788.98156659581
405.418	2768	5703						0.802995802640915		2222.69238171005			518.359234451867
406.57	1796	5187						0.798603775501251		1434.29238080025			334.494645597227
407.721	1079	6098						0.797339213848114		860.329011742115			200.639319940562
408.873	718	5262						0.792383366525173		568.931257165074			132.68177519596
410.025	509	5587						0.787093396484852		400.63053881079			93.4319751598852
411.178	404	5275						0.782729811310768		316.22284376955			73.7470612494136
412.33	295	5967						0.779598570466042		229.981578287482			53.6345361328919
413.483	205	5533						0.77715533965826		159.316844629943			37.1546500528913
414.636	204	5524						0.773063930034637		157.705041727066			36.778757767617
415.789	206	5487						0.767574079334736		158.120260342956			36.8755918619945
416.942	120	5683						0.764814973473549		91.7777968168259			21.4037124026346
418.095	134	5554						0.758959666192532		101.700595269799			23.7178311947934
419.249	138	5647						0.754310080230236		104.094791071773			24.2761871388057
420.403	68	6329						0.749042696177959		50.9349033401012			11.8786466897149
421.557	112	5203						0.746913892745972		83.6543559875488			19.5092259662617
422.711	48	5102						0.744489803671837		35.7355105762482			8.33396112637011
423.865	56	4933						0.741288238763809		41.5121413707733			9.68114256317217
425.02	92	5098						0.737282284498215		67.8299701738358			15.8187843272993
426.175	76	4783						0.73229214400053		55.6542029440403			12.979245472514
427.33	101	5314						0.729671936035156		73.6968655395508			17.1870165736533
428.485	112	5040						0.724908088445663		81.1897059059143			18.9344392166329
429.64	96	5111						0.721931509971619		69.3054249572754			16.1628785520807
430.796	32	5284						0.722750285387039		23.1280091323853			5.39373653633321
431.951	73	4914						0.720120569527149		52.5688015754819			12.2596918786189
433.107	-11	5045						0.718570545256138		-7.90427599781752			-1.84337449880162
434.263	56	4680						0.717710513532162		40.191788757801			9.3732200745279
435.419	-15	4842						0.718622038066387		-10.7793305709958			-2.51387262972762
436.576	92	4696						0.71669925403595		65.9363313713074			15.3771644395972
437.733	54	5029						0.713619389772415		38.5354470477104			8.98694079094448
438.889	78	5006						0.713985792338848		55.6908918024302			12.9878017660904
440.046	100	4560						0.711633763670921		71.1633763670921			16.5961757003349
441.204	81	4185						0.709985836982727		57.5088527956009			13.4117726567263
442.361	45	4544						0.705706898629665		31.7568104383349			7.40607925905768
443.518	20	5023						0.704199115753174		14.0839823150635			3.2845581111198
444.676	67	4829						0.704026958942413		47.1698062491417			11.0005796833372
445.834	105	4928						0.701596156954765		73.6675964802504			17.1801906685947
446.992	122	4858						0.697741871833801		85.1245083637237			19.8520836043732
448.151	41	5009						0.693692776739597		28.4414038463235			6.63288561468593
449.309	145	4134						0.690499822378159		100.122474244833			23.3497939382187
450.468	42	4882						0.689702636480331		28.9675107321739			6.75558021913653
451.627	43	4296						0.686930800139904		29.5380244060159			6.88863103338799
452.786	45	4248						0.684119152188301		30.7853618484735			7.17952548513307
453.945	94	4263						0.683550472259521		64.253744392395			14.9847644361309
455.104	59	4328						0.681973675251007		40.2364468398094			9.38363488918801
456.264	52	4537						0.680827401638031		35.4030248851776			8.25642136886353
457.423	98	4292						0.678744689822197		66.5169796025753			15.512578757441
458.583	155	4300						0.678083486199379		105.102940360904			24.5112999677457
459.743	88	4422						0.675116065323353		59.4102137484551			13.8551934449777
460.904	29	4253						0.674270970821381		19.55385815382			4.56020051474526
462.064	16	4586						0.672095223903656		10.7535235824585			2.50785412220413
463.225	28	4505						0.671147872507572		18.792140430212			4.3825585615326
464.386	70	4744						0.668423616528511		46.7896531569958			10.9119233009062
465.547	48	4445						0.666613503575325		31.9974481716156			7.46219894175873
466.708	98	4111						0.664178503036499		65.0894932975769			15.1796713725333
467.869	24	4753						0.661491177558899		15.8757882614136			3.70242932275447
469.031	104	4498						0.659723632454872		68.6112577753067			16.0009902170201
470.192	75	4377						0.657433628559113		49.3075221419334			11.4991213541421
471.354	77	4106						0.657141960501671		50.5999309586287			11.8005270053846
472.516	24	4010						0.656322654008865		15.7517436962128			3.67350060262005
473.678	72	4031						0.655532531380653		47.198342259407			11.0072346323338
474.841	56	4733						0.653994550824165		36.6236948461533			8.541096635534
476.003	34	4595						0.65433312523365		22.2473262579441			5.18835044496642
477.166	73	4497						0.652472535014152		47.6304950560331			11.1080179861927
478.329	-51	4452						0.650878939032555		-33.1948258906603			-7.74144217078181
479.492	64	4126						0.649310790061951		41.5558905639648			9.69134541376781
480.655	104	4098						0.649775493741035		67.5766513490677			15.7597072579038
481.819	100	4427						0.650590731322765		65.0590731322765			15.1725770153803
482.982	62	4574						0.651559864878654		40.3967116224766			9.42101061006443
484.146	89	4029						0.652539778470993		58.0760402839184			13.5440477635536
485.31	0	4569						0.652109997272491		0			0
486.474	20	4261						0.652217782020569		13.0443556404114			3.04210436825242
487.638	72	4162						0.65232830452919		46.9676379261017			10.9534315408305
488.803	36	4228						0.652081588387489		23.4749371819496			5.47464442968897
489.967	117	3807						0.652176523208618		76.3046532154083			17.795184772903
491.132	32	3959						0.653449621677399		20.9103878936768			4.8765599548772
492.297	16	3974						0.652707483828068		10.4433197412491			2.43551076647192
493.462	5	4140						0.651826938271522		3.25913469135761			0.760070344186762
494.627	8	4657						0.651741655409336		5.21393324327469			1.21595343858949
495.793	38	4522						0.651546330213547		24.7587605481148			5.77404784814349
496.959	93	4622						0.651001789748669		60.5431664466262			14.1194119657801
498.124	28	4364						0.650839629173279		18.2235096168518			4.24994685353171
499.29	83	4136						0.650206108093262		53.9671069717407			12.5857939162644
500.456	72	4475						0.649850030422211		46.7892021903992			10.9118181299425
501.623	108	4385						0.650918572664261		70.2992058477402			16.394640493514
502.789	27	4148						0.649416565477848		17.5342472679019			4.08920238593098
503.956	104	4345						0.649767102003098		67.5757786083221			15.7595037240147
505.122	-26	4145						0.650098850846291		-16.9025701220036			-3.94188749680688
506.289	48	3950						0.648488202512264		31.1274337205887			7.25930085810695
507.456	-55	4694						0.647146306037903		-35.5930468320847			-8.30073682688116
508.624	14	4052						0.646195837974548		9.04674173164368			2.10981157666572
509.791	-44	4487						0.645996826291084		-28.4238603568077			-6.62879425689398
510.959	5	3730						0.644661892831326		3.22330946415663			0.7517154600387
512.126	80	4021						0.64321480345726		51.4571842765808			12.0004490356581
513.294	-15	3889						0.640948290944099		-9.61422436416149			-2.24215551475505
514.462	-23	5940						0.641556780338287		-14.7558059477806			-3.44123565534839
515.631	12	3699						0.641125580251217		7.6935069630146			1.79422056439953
516.799	-25	3720						0.640242144465446		-16.0060536116362			-3.73280880656097
517.968	59	4479						0.639801183223724		37.7482698101997			8.80336136557207
519.136	33	3667						0.638278660774231		21.0631958055496			4.91219664165779
520.305	63	4052						0.638359197080135		40.2166294160485			9.37901322192805
521.474	17	3914						0.637871239900589		10.84381107831			2.52891027806955
522.643	18	4012						0.636972936213017		11.4655128518343			2.67389878751569
523.813	19	4270						0.637018994748592		12.1033609002233			2.82265280709132
524.982	1	4015						0.636499651432037		0.636499651432037			0.148439556800636
526.152	45	4065						0.634911574840546		28.5710208678246			6.66311390025082
527.322	-59	4353						0.635550410628319		-37.4974742270708			-8.74487274719897
528.492	-68	3760						0.636072457551956		-43.252927113533			-10.0871152350483
529.662	49	3825						0.633644522190094		31.0485815873146			7.24091156961377
530.832	-31	4071						0.63472258234024		-19.6764000525475			-4.58877879455371
532.003	49	3727						0.63611277794838		31.1695261194706			7.26911732386722
533.173	69	3967						0.637413509607315		43.9815321629047			10.2570349048677
534.344	71	4213						0.638154316902161		45.3089565000534			10.5666066066736
535.515	3	4042						0.640742622613907		1.92222786784172			0.448287209789185
536.686	26	3542						0.643246664643288		16.7244132807255			3.90033912753312
537.857	19	4246						0.644801661491394		12.2512315683365			2.85713806782817
539.028	103	4402						0.646947417974472		66.6355840513706			15.5402387754381
540.2	33	3939						0.647476816177368		21.3667349338532			4.98298570426867
541.372	39	4156						0.650555577516556		25.3716675231457			5.91698530227864
542.543	16	3552						0.651782942414284		10.4285270786285			2.43206093538661
543.715	54	3768						0.651083972454071		35.1585345125198			8.19940320321695
544.887	31	3932						0.65258925640583		20.2302669485807			4.71794737522575
546.06	13	3443						0.65589003443718		8.52657044768333			1.98850122766903
547.232	75	3656						0.656999234199524		49.2749425649643			11.4915233955962
548.405	52	3744						0.656617149412632		34.1440917694569			7.96282266332019
549.577	60	3936						0.656359051525593		39.3815430915356			9.1842608074969
550.75	58	3333						0.657327950000763		38.1250211000443			8.89122440581532
551.923	46	3715						0.658800621747971		30.3048286004066			7.06745921422383
553.096	29	3601						0.658052548408508		19.0835239038467			4.45051277578559
554.27	15	3925						0.658616010546684		9.87924015820026			2.30396046142514
555.443	-33	4149						0.660372032523155		-21.7922770732641			-5.08222737145897
556.617	-32	3823						0.661871314406395		-21.1798820610046			-4.93940931334661
557.791	45	3674						0.663867437303066		29.874034678638			6.96699276671537
558.964	22	3867						0.665494206666946		14.6408725466728			3.41443177087862
560.138	45	3123						0.664522175550461		29.9034978997707			6.97386395270428
561.313	42	3770						0.66610877507925		27.9765685533285			6.52448030020975
562.487	3	3947						0.66906122225523		2.00718366676569			0.468099948274659
563.661	50	3841						0.669483950138092		33.4741975069046			7.80659507197301
564.836	43	3855						0.671558620929718		28.8770206999779			6.73447682930147
566.011	27	3570						0.673724213838577		18.1905537736416			4.24226114506492
567.186	-7	3652						0.674197879076004		-4.71938515353203			-1.10061873401764
568.361	34	4130						0.675788903951645		22.9768227343559			5.35847800654884
569.536	16	4258						0.676468836307526		10.8235013809204			2.52417380653735
570.711	90	3719						0.678419267773628		61.0577340996265			14.2394154790317
571.887	38	3681						0.68189245980978		25.9119134727716			6.04297731051523
573.062	-30	3877						0.683145074248314		-20.4943522274494			-4.77953531429947
574.238	-11	3752						0.685325282692909		-7.538578109622			-1.7580892479385
575.414	7	3733						0.6872555154562		4.8107886081934			1.12193514521984
576.59	53	3510						0.689641579985619		36.5510037392378			8.52414417425675
577.766	43	3419						0.691481892704964		29.7337213863134			6.93426997907671
578.942	1	3786						0.692742626428604		0.692742626428604			0.161556111166151
580.119	47	3456						0.694669529855251		32.6494679031968			7.61425797237003
581.295	37	3771						0.695484412908554		25.7329232776165			6.00123459285512
582.472	10	3776						0.696441006660461		6.96441006660461			1.62418618979411
583.649	-58	4074						0.696219306766987		-40.3807197924852			-9.41728111838128
584.826	50	4221						0.697707087755203		34.8853543877602			8.13569423408423
586.003	-30	4136						0.699007830560207		-20.9702349168062			-4.89051701764885
587.18	93	3791						0.700653103590012		65.1607386338711			15.1962866622979
588.358	788	3541						0.702389145851135		553.482646930695			129.078969049534
589.535	-47	3424						0.703842284977436		-33.0805873939395			-7.7148003465724
590.713	21	4030						0.705009218454361		14.8051935875416			3.45275346111788
591.891	-9	3649						0.706136934280395		-6.35523240852356			-1.48211845829582
593.069	-21	3894						0.706100133597851		-14.8281028055549			-3.45809617287097
594.247	60	4054						0.707231173396111		42.4338704037666			9.89610112417056
595.425	14	3828						0.70902129560709		9.92629813849926			2.31493496191983
596.603	-18	3789						0.71069172334671		-12.7924510202408			-2.98335710878413
597.782	14	3759						0.71167844414711		9.96349821805954			2.32361047856851
598.96	-18	3889						0.713288617134094		-12.8391951084137			-2.99425840576964
600.139	32	3953						0.713607416987419		22.8354373435974			5.32550519235317
601.318	-32	3833						0.715292008042336		-22.8893442573547			-5.33807694847059
602.497	24	3563						0.716915852129459		17.205980451107			4.01264652185823
603.676	45	4098						0.717930426597595		32.3068691968918			7.53435973517544
604.855	43	3987						0.720436728298664		30.9787793168426			7.22463282056932
606.035	-31	3650						0.722946373522282		-22.4113375791907			-5.2265999047758
607.214	12	3770						0.723779684662819		8.68535621595383			2.02553202417503
608.394	8	3650						0.724917425394058		5.79933940315247			1.35247736397596
609.574	14	3989						0.726339960694313		10.1687594497204			2.37147992545279
610.753	-5	4102						0.727648335456848		-3.63824167728424			-0.848482761765253
611.933	-70	4021						0.72967752468586		-51.0774267280102			-11.9118848988598
613.114	56	4056						0.732327119350433		41.0103186836243			9.56411133290313
614.294	41	3484						0.734237444877624		30.1037352399826			7.02056176623664
615.474	-52	3954						0.737076430797577		-38.327974401474			-8.93855561494902
616.655	7	3940						0.738334437012672		5.16834105908871			1.20532077979869
617.835	117	3930						0.739576000571251		86.5303920668364			20.179952996499
619.016	87	3677						0.740208207130432		64.3981140203476			15.0184332111892
620.197	118	3805						0.743072459816933		87.6825502583981			20.4486504748634
621.378	36	4048						0.744377560853958		26.7975921907425			6.24952849411378
622.559	-2	4044						0.744773179590702		-1.4895463591814			-0.347380553773167
623.741	-6	4100						0.747463345468044		-4.48478007280827			-1.04590594018113
624.922	6	4391						0.749542539715767		4.4972552382946			1.04881530239623
626.103	88	4198						0.751761752605438		66.1550342292786			15.4281686392621
627.285	-12	3812						0.753106582164764		-9.03727898597717			-2.10760474784862
628.467	8	4073						0.754724765539169		6.03779812431335			1.40808887421753
629.649	12	3884						0.756944778263569		9.08333733916283			2.11834612299072
630.831	76	3858						0.757881557285786		57.5989983537197			13.4327957109646
632.013	16	3969						0.759811970233917		12.1569915237427			2.83516012892293
633.195	-37	3749						0.761249177753925		-28.1662195768952			-6.56870925433674
634.377	13	3874						0.76124135941267		9.89613767236471			2.30790116981038
635.56	13	3976						0.761525342464447		9.89982945203781			2.30876213829205
636.742	1	3872						0.763120270252228		0.763120270252228			0.177969044361555
637.925	19	4035						0.76410797983408		14.5180516168475			3.38578841758205
639.108	-17	4102						0.763966547727585		-12.9874313113689			-3.02882891373297
640.291	-22	4169						0.765340702414513		-16.8374954531193			-3.92671128267008
641.474	-39	3717						0.767627731204033		-29.9374815169573			-6.98178935071872
642.657	-51	3977						0.770121692717076		-39.2762063285709			-9.15969497721857
643.84	-57	3650						0.772157564163208		-44.0129811573029			-10.2643691976356
645.024	19	3880						0.775106094360352		14.7270157928467			3.43452143668542
646.207	8	4074						0.777079392313957		6.21663513851166			1.44979586819218
647.391	30	4043						0.780120379388332		23.40361138165			5.45801037472742
648.575	18	4526						0.781434169411659		14.0658150494099			3.2803212810511
649.758	26	4000						0.784258639097214		20.3907246165276			4.75536807932465
650.942	62	3728						0.787296044826508		48.8123547792435			11.383642227493
652.126	-16	4245						0.790828143715858		-12.6532502994537			-2.95089378652862
653.311	64	4039						0.793973514676094		50.81430493927			11.8505216575488
654.495	-8	3760						0.796096345186234		-6.36877076148987			-1.48527576892373
655.679	48	3752						0.798523485898971		38.3291273231506			8.9388244904815
656.864	32	4104						0.801231012821198		25.6393924102783			5.97942204281896
658.048	-28	4162						0.802534914016724		-22.4709775924683			-5.24050869030079
659.233	-72	4131						0.804258584320545		-57.9066180710792			-13.5045364171932
660.418	32	4365						0.807184444189072		25.8299022140503			6.02385127506514
661.603	28	4452						0.810700052380562		22.6996014666557			5.2938265931183
662.788	-9	4089						0.812761988401413		-7.31485789561272			-1.70591493905999
663.973	89	4344						0.813791996836662		72.4274877184629			16.8909820341985
665.158	-33	4147						0.814366265773773		-26.8740867705345			-6.26736797210318
666.344	-8	4530						0.816811884403229		-6.53449507522583			-1.52392471967604
667.529	12	4432						0.819827400386334		9.837928804636			2.29432614505102
668.715	74	4458						0.82073716878891		60.7345504903793			14.1640450815556
669.901	50	4144						0.822161211669445		41.1080605834723			9.58690594757675
671.086	59	4414						0.823649057149887		48.5952943718433			11.333021067527
672.272	81	3668						0.825093715190887		66.8325909304619			15.5861832056561
673.458	47	3937						0.826576143622398		38.8490787502527			9.06008356615145
674.644	112	4365						0.829223261594772		92.8730052986145			21.6591285073806
675.831	119	3905						0.830199020862579		98.7936834826469			23.0399035692674
677.017	89	4337						0.832225205779076		74.0680433143377			17.2735798015509
678.203	54	4580						0.832936916172504		44.9785934733152			10.4895618806286
679.39	11	4002						0.833867330551147		9.17254063606262			2.13914943030938
680.577	85	4210						0.834900717318058		70.9665609720349			16.5502759265517
681.763	94	4050						0.839281896054745		78.892498229146			18.3987020977652
682.95	-17	4766						0.842290657758713		-14.3189411818981			-3.33935341223402
684.137	111	4145						0.844231115341186		93.7096538028717			21.8542452413654
685.324	78	4353						0.84645173740387		66.0232355175018			15.3974315566588
686.511	121	4241						0.847861460864544		102.59123676461			23.9255397590644
687.698	173	4248						0.850098981618881		147.067123820066			34.2978643125399
688.886	426	4585						0.852330431818962		363.092763954878			84.677703809764
690.073	517	4067						0.854330955266952		441.689103873014			103.007338142401
691.261	771	4375						0.85546494603157		659.563473390341			153.81832409755
692.448	925	4551						0.856742285251617		792.486613857746			184.817637318127
693.636	1178	4372						0.860186537027359		1013.29974061823			236.313977651298
694.824	1368	4443						0.862332262516022		1179.67053512192			275.113695679634
696.012	1555	3862						0.863517659425735		1342.76996040702			313.150490121373
697.2	1806	4467						0.864405632019043		1561.11657142639			364.071608610151
698.388	1898	4774						0.865042439460754		1641.85055009651			382.899766623407
699.576	1903	4233						0.867208780288696		1650.29830888939			384.86988800266
700.764	1881	4370						0.87188481926918		1640.01534504533			382.471774206093
701.953	1693	4725						0.875110608637333		1481.562260423			345.518563623631
703.141	1588	4911						0.878157629787922		1394.51431610322			325.217911068419
704.33	1321	4716						0.880751495957375		1163.47272615969			271.336167163971
705.518	1110	4327						0.883658100128174		980.860491142273			228.748745204866
706.707	913	4313						0.887907485425472		810.659534193456			189.055786128322
707.896	665	4803						0.890969345092773		592.494614486694			138.177040291058
709.085	437	4702						0.89261112511158		390.07106167376			90.9693750583132
710.274	298	4556						0.896733320951462		267.226529643536			62.3205174369117
711.463	185	4526						0.900501980185509		166.592866334319			38.8515079139119
712.652	178	4471						0.901276958227158		160.427298564434			37.4136215849455
713.842	35	4654						0.904821574687958		31.6687551140785			7.38554367309601
715.031	75	4132						0.907471818566322		68.0603863924742			15.8725202269143
716.22	7	4581						0.912556691169739		6.38789683818817			1.4897362055352
717.41	6	4309						0.914989653229713		5.48993791937828			1.28032112787816
718.6	33	4270						0.916420924663544		30.2418905138969			7.05278127740743
719.789	-38	4505						0.917932801544666		-34.8814464586973			-8.13478285690313
720.979	17	4149						0.919841084301472		15.637298433125			3.64681055794766
722.169	62	4062						0.922960644185543		57.2235599395037			13.3452388494851
723.359	-52	4206						0.925239002287388		-48.1124281189442			-11.2204107111614
724.549	13	4253						0.92883500880003		12.0748551144004			2.81600490680688
725.739	83	3843						0.931295290052891		77.2975090743899			18.0267309856033
726.929	18	4054						0.936093247771263		16.8496784598827			3.92955250987326
728.12	29	4268						0.93748233795166		27.1869878005981			6.34034034549035
729.31	-16	4009						0.936461798548698		-14.9833887767792			-3.49431077360804
730.501	-19	4079						0.940944082558155		-17.8779375686049			-4.16935519638147
731.691	10	4034						0.947644004762173		9.47644004762173			2.21002251541212
732.882	-68	4337						0.948695429444313		-64.5112892022133			-15.0448270572803
734.072	-38	4488						0.950611038208008		-36.1232194519043			-8.4243796105603
735.263	12	4194						0.952539322674275		11.4304718720913			2.66572679953233
736.454	25	4695						0.955694661736488		23.8923665434122			5.57199409715803
737.645	1	4136						0.961132835149765		0.961132835149765			0.22414801289393
738.836	51	4283						0.966259556770325		49.2792373952866			11.4925250029155
740.027	25	4180						0.965026663422585		24.1256665855646			5.62640253992899
741.218	24	4173						0.968652835845947		23.2476680603027			5.42164247184684
742.41	-43	4359						0.972364280819893		-41.8116640752554			-9.7509949462882
743.601	38	3889						0.975263322710991		37.0600062630177			8.64284983084321
744.793	23	4518						0.975372833967209		22.4335751812458			5.23178598741691
745.984	62	3753						0.981587092399597		60.858399728775			14.1929282490737
747.176	-8	4203						0.984719424724579		-7.87775539779663			-1.8371895682925
748.367	58	4571						0.986225669503212		57.2010888311863			13.3399983103082
749.559	-12	3931						0.991533704936504		-11.8984044592381			-2.77485444114591
750.751	-15	4357						0.998243507683277		-14.9736526152492			-3.49204018084462
751.943	8	4198						1.00300593918562		8.02404751348495			1.87130669116499
753.135	-56	4270						1.00934831798077		-56.5235058069229			-13.1819776050478
754.327	8	4431						1.01723175132275		8.13785401058197			1.89784776774234
755.519	-3	3974						1.02129050779343		-3.06387152338028			-0.714532568873245
756.711	14	4247						1.02455157959461		14.3437221143246			3.34513263083722
757.903	-7	3964						1.03400232994556		-7.23801630961895			-1.68799453495119
759.095	13	3896						1.03842205166817		13.4994866716862			3.14824652939367
760.288	-65	4639						1.0411951379776		-67.677683968544			-15.7832693089179
761.48	49	4445						1.0439857673645		51.1553026008606			11.9300465114001
762.673	29	3742						1.04726111209393		30.3705722507238			7.08279144306886
763.865	31	4276						1.05790251135826		32.7949778521061			7.64819268431776
765.058	-17	4308						1.06507265734673		-18.1062351748943			-4.22259700950737
766.251	86	4114						1.06660321748257		91.7278767035007			21.3920704174728
767.443	50	3811						1.06714474976063		53.3572374880314			12.4435648425102
768.636	2	4432						1.07803518629074		2.15607037258148			0.502822161515592
769.829	-27	4337						1.07299749743939		-28.9709324308634			-6.75637820140695
771.022	-2	3869						1.07688954544067		-2.15377909088135			-0.50228780640745
772.215	33	4072						1.08426342070103		35.7806928831339			8.34449819672712
773.408	-1	3859						1.08922440433502		-1.08922440433502			-0.254020544193796
774.602	9	4404						1.09875628829002		9.88880659461021			2.30619147220049
775.795	3	4086						1.09847529351711		3.29542588055134			0.768533896409555
776.988	39	3631						1.10648973369598		43.1530996141434			10.0638342328788
778.182	39	4116						1.10890299916267		43.2472169673443			10.0857835586403
779.375	-261	4442						1.11324769258499		-290.557647764683			-67.7616214905817
780.568	42	4157						1.11452184200287		46.8099173641205			10.9166491635485
781.762	45	3745						1.12487012839317		50.6191557776928			11.8050104699317
782.956	77	4051						1.12527850627899		86.6464449834824			20.2070179657783
784.149	62	3773						1.13951475012302		70.6499145076275			16.4764300717529
785.343	74	3876						1.14891079926491		85.0193991456032			19.8275708403546
786.537	111	4495						1.14589951860905		127.194846565604			29.663404542397
787.731	131	3762						1.15332021522522		151.084948194504			35.2348704335997
788.925	181	3775						1.15303174257278		208.698745405674			48.6711174203603
790.119	140	4323						1.15740005648136		162.036007907391			37.788792413951
791.313	44	3912						1.16115129923821		51.090657166481			11.9149704000356
792.507	-10	4182						1.1567036588192		-11.567036588192			-2.69757537303427
793.701	119	4328						1.17259771776199		139.539128413677			32.5422430813145
794.895	161	4223						1.17214623570442		188.715543948412			44.0107887601638
796.089	120	3883						1.16579594624042		139.895513548851			32.6253564834923
797.284	141	4060						1.15570373821259		162.954227087975			38.002932434146
798.478	97	4044						1.17285396242142		113.766834354877			26.5318267374614
799.673	61	4441						1.19798221123219		73.0769148851633			17.0424364467538
800.867	83	4074						1		83			19.3566220919892
802.062	44	4379						1		44			10.2613418318979
803.256	-6	4085						1		-6			-1.3992738861679
804.451	26	3625						1		26			6.06352017339421
805.646	63	3998						1		63			14.6923758047629
806.84	61	4021						1		61			14.2259511760403
808.035	57	4150						1		57			13.293101918595
809.23	80	4315						1		80			18.6569851489053
810.425	-17	4175						1		-17			-3.96460934414237
811.62	2	3380						1		2			0.466424628722632
812.815	41	3779						1		41			9.56170488881395
814.01	1	4101						1		1			0.233212314361316
815.205	12	4067						1		12			2.79854777233579
816.4	30	4143						1		30			6.99636943083947
817.595	40	3808						1		40			9.32849257445263
818.79	25	4403						1		25			5.8303078590329
819.986	18	4691						1		18			4.19782165850368
821.181	112	3623						1		112			26.1197792084674
822.376	-39	3994						1		-39			-9.09528026009132
823.572	45	4452						1		45			10.4945541462592
824.767	-7	4167						1		-7			-1.63248620052921
825.963	45	4026						1		45			10.4945541462592
827.158	32	3959						1		32			7.46279405956211
828.354	-50	4732						1		-50			-11.6606157180658
829.55	-18	4600						1		-18			-4.19782165850368
